0.16	7.27	7 tempo: 136.0
7.27	14.81	19 tempo: 136.0
14.81	15.28	7 tempo: 143.6
15.28	21.92	18 tempo: 136.0
21.92	25.05	14 tempo: 136.0
25.05	26.84	29 tempo: 129.2
26.84	29.05	23 tempo: 143.6
29.05	34.83	32 tempo: 136.0
34.83	36.13	25 tempo: 129.2
36.13	37.94	35 tempo: 136.0
37.94	39.71	27 tempo: 136.0
39.71	40.12	26 tempo: 143.6
40.12	42.35	13 tempo: 92.3
42.35	43.28	16 tempo: 123.0
43.28	45.05	2 tempo: 136.0
45.05	48.13	28 tempo: 136.0
48.13	50.39	9 tempo: 129.2
50.39	54.38	5 tempo: 136.0
54.38	56.59	26 tempo: 136.0
56.59	57.03	13 tempo: 198.8
57.03	59.58	20 tempo: 49.7
59.58	60.42	33 tempo: 234.9
60.42	67.94	1 tempo: 136.0
67.94	69.73	24 tempo: 136.0
69.73	72.40	6 tempo: 136.0
72.40	75.91	15 tempo: 136.0
75.91	88.61	4 tempo: 129.2
88.61	89.47	33 tempo: 152.0
89.47	97.04	8 tempo: 136.0
97.04	97.50	35 tempo: 143.6
97.50	99.68	27 tempo: 136.0
99.68	102.38	36 tempo: 129.2
102.38	103.72	16 tempo: 117.5
103.72	105.91	2 tempo: 136.0
105.91	109.04	28 tempo: 136.0
109.04	111.27	9 tempo: 136.0
111.27	114.38	5 tempo: 136.0
114.38	115.26	26 tempo: 136.0
115.26	117.45	13 tempo: 136.0
117.45	120.02	20 tempo: 50.7
120.02	120.86	33 tempo: 234.9
120.86	128.38	1 tempo: 136.0
128.38	130.61	24 tempo: 136.0
130.61	132.38	6 tempo: 136.0
132.38	135.51	15 tempo: 136.0
135.51	141.29	1 tempo: 136.0
141.29	143.94	12 tempo: 136.0
143.94	147.08	22 tempo: 136.0
147.08	149.19	17 tempo: 136.0
149.19	151.77	0 tempo: 143.6
151.77	155.78	30 tempo: 123.0
155.78	161.77	21 tempo: 123.0
161.77	163.79	34 tempo: 117.5
163.79	164.28	21 tempo: 143.6
164.28	168.28	3 tempo: 136.0
168.28	169.78	21 tempo: 117.5
169.78	171.27	37 tempo: 117.5
171.27	173.50	20 tempo: 73.8
173.50	176.26	11 tempo: 117.5
176.26	176.77	10 tempo: 143.6
176.77	180.77	31 tempo: 123.0
180.77	184.76	10 tempo: 123.0
184.76	188.76	31 tempo: 123.0
188.76	194.23	10 tempo: 123.0
