0.16	7.71	4 | T=136.0
7.71	14.81	23 | T=136.0
14.81	15.28	4 | T=143.6
15.28	21.92	10 | T=136.0
21.92	25.50	20 | T=136.0
25.50	29.05	14 | T=136.0
29.05	35.27	3 | T=136.0
35.27	35.71	17 | T=143.6
35.71	37.50	20 | T=129.2
37.50	40.12	8 | T=136.0
40.12	42.79	9 | T=92.3
42.79	43.28	19 | T=143.6
43.28	48.13	3 | T=136.0
48.13	50.39	0 | T=129.2
50.39	54.82	16 | T=136.0
54.82	57.03	9 | T=136.0
57.03	59.58	11 | T=49.7
59.58	60.42	1 | T=234.9
60.42	67.94	7 | T=136.0
67.94	71.05	18 | T=136.0
71.05	73.72	13 | T=136.0
73.72	75.91	22 | T=136.0
75.91	88.61	12 | T=129.2
88.61	89.47	1 | T=152.0
89.47	97.04	17 | T=136.0
97.04	97.94	20 | T=129.2
97.94	99.68	8 | T=136.0
99.68	102.38	21 | T=129.2
102.38	103.72	19 | T=117.5
103.72	108.58	3 | T=136.0
108.58	111.27	0 | T=136.0
111.27	114.82	16 | T=136.0
114.82	117.45	9 | T=136.0
117.45	120.02	11 | T=50.7
120.02	120.86	1 | T=234.9
120.86	128.38	7 | T=136.0
128.38	131.49	18 | T=136.0
131.49	135.07	13 | T=136.0
135.07	135.51	22 | T=143.6
135.51	141.73	7 | T=136.0
141.73	146.61	6 | T=136.0
146.61	149.19	26 | T=136.0
149.19	151.77	15 | T=143.6
151.77	154.27	25 | T=123.0
154.27	164.77	2 | T=123.0
164.77	168.28	27 | T=129.2
168.28	169.78	2 | T=117.5
169.78	171.27	25 | T=117.5
171.27	175.78	11 | T=184.6
175.78	176.77	25 | T=123.0
176.77	180.77	24 | T=123.0
180.77	184.76	5 | T=123.0
184.76	188.76	24 | T=123.0
188.76	194.23	5 | T=123.0
