0.00	0.00	k=64
0.16	7.27	2 tempo: 135.999
0.60	0.60	 beat: 0
1.04	1.04	 beat: 1
1.49	1.49	 beat: 2
1.95	1.95	 beat: 3
2.39	2.39	 beat: 4
2.83	2.83	 beat: 5
3.27	3.27	 beat: 6
3.72	3.72	 beat: 7
4.16	4.16	 beat: 8
4.60	4.60	 beat: 9
5.04	5.04	 beat: 10
5.50	5.50	 beat: 11
5.94	5.94	 beat: 12
6.39	6.39	 beat: 13
6.83	6.83	 beat: 14
7.27	10.38	53 tempo: 135.999
7.71	7.71	 beat: 0
8.15	8.15	 beat: 1
8.61	8.61	 beat: 2
9.06	9.06	 beat: 3
9.50	9.50	 beat: 4
9.94	9.94	 beat: 5
10.38	12.61	49 tempo: 135.999
10.82	10.82	 beat: 0
11.26	11.26	 beat: 1
11.73	11.73	 beat: 2
12.17	12.17	 beat: 3
12.61	15.28	10 tempo: 135.999
13.05	13.05	 beat: 0
13.49	13.49	 beat: 1
13.93	13.93	 beat: 2
14.37	14.37	 beat: 3
14.81	14.81	 beat: 4
15.28	17.51	45 tempo: 135.999
15.72	15.72	 beat: 0
16.16	16.16	 beat: 1
16.60	16.60	 beat: 2
17.07	17.07	 beat: 3
17.51	21.92	15 tempo: 135.999
18.34	18.34	 beat: 0
18.83	18.83	 beat: 1
19.27	19.27	 beat: 2
19.71	19.71	 beat: 3
20.15	20.15	 beat: 4
20.60	20.60	 beat: 5
21.04	21.04	 beat: 6
21.48	21.48	 beat: 7
21.92	24.17	59 tempo: 135.999
22.36	22.36	 beat: 0
22.83	22.83	 beat: 1
23.27	23.27	 beat: 2
23.71	23.71	 beat: 3
24.17	25.94	26 tempo: 129.199
24.59	24.59	 beat: 0
25.05	25.05	 beat: 1
25.94	29.05	9 tempo: 135.999
26.84	26.84	 beat: 0
27.28	27.28	 beat: 1
27.72	27.72	 beat: 2
28.14	28.14	 beat: 3
29.05	34.83	12 tempo: 135.999
29.49	29.49	 beat: 0
29.93	29.93	 beat: 1
30.39	30.39	 beat: 2
30.84	30.84	 beat: 3
31.28	31.28	 beat: 4
31.72	31.72	 beat: 5
32.11	32.11	 beat: 6
32.55	32.55	 beat: 7
33.02	33.02	 beat: 8
33.48	33.48	 beat: 9
33.95	33.95	 beat: 10
34.39	34.39	 beat: 11
34.83	36.13	61 tempo: 129.199
35.25	35.25	 beat: 0
36.13	37.94	29 tempo: 135.999
36.57	36.57	 beat: 0
37.04	37.04	 beat: 1
37.50	37.50	 beat: 2
37.94	40.12	20 tempo: 135.999
38.38	38.38	 beat: 0
38.82	38.82	 beat: 1
39.26	39.26	 beat: 2
39.68	39.68	 beat: 3
40.12	41.47	46 tempo: 129.199
40.59	40.59	 beat: 0
41.05	41.05	 beat: 1
41.47	42.79	38 tempo: 112.347
42.24	42.24	 beat: 0
42.79	43.28	22 tempo: 143.555
42.86	42.86	 beat: 0
43.28	45.05	63 tempo: 135.999
43.72	43.72	 beat: 0
44.16	44.16	 beat: 1
44.61	44.61	 beat: 2
45.05	46.81	7 tempo: 129.199
45.46	45.46	 beat: 0
45.93	45.93	 beat: 1
46.81	49.04	44 tempo: 135.999
47.23	47.23	 beat: 0
47.69	47.69	 beat: 1
48.13	48.13	 beat: 2
48.60	48.60	 beat: 3
49.04	50.39	24 tempo: 135.999
49.11	49.11	 beat: 0
49.50	49.50	 beat: 1
49.95	49.95	 beat: 2
50.39	52.15	18 tempo: 135.999
50.83	50.83	 beat: 0
51.27	51.27	 beat: 1
51.71	51.71	 beat: 2
52.15	54.38	52 tempo: 135.999
52.59	52.59	 beat: 0
53.03	53.03	 beat: 1
53.50	53.50	 beat: 2
53.94	53.94	 beat: 3
54.38	57.03	19 tempo: 135.999
54.38	54.38	 beat: 0
54.82	54.82	 beat: 1
55.26	55.26	 beat: 2
55.68	55.68	 beat: 3
56.12	56.12	 beat: 4
57.03	59.58	21 tempo: 49.692
57.14	57.14	 beat: 0
59.58	60.42	1 tempo: 234.908
59.86	59.86	 beat: 0
60.12	60.12	 beat: 1
60.42	67.06	5 tempo: 135.999
60.84	60.84	 beat: 0
61.28	61.28	 beat: 1
61.72	61.72	 beat: 2
62.16	62.16	 beat: 3
62.60	62.60	 beat: 4
63.04	63.04	 beat: 5
63.51	63.51	 beat: 6
63.95	63.95	 beat: 7
64.39	64.39	 beat: 8
64.83	64.83	 beat: 9
65.27	65.27	 beat: 10
65.71	65.71	 beat: 11
66.15	66.15	 beat: 12
66.59	66.59	 beat: 13
67.06	68.38	56 tempo: 135.999
67.50	67.50	 beat: 0
67.94	67.94	 beat: 1
68.38	69.73	33 tempo: 135.999
68.85	68.85	 beat: 0
69.29	69.29	 beat: 1
69.73	71.05	6 tempo: 135.999
70.15	70.15	 beat: 0
70.61	70.61	 beat: 1
71.05	73.72	13 tempo: 135.999
71.52	71.52	 beat: 0
71.94	71.94	 beat: 1
72.40	72.40	 beat: 2
72.84	72.84	 beat: 3
73.28	73.28	 beat: 4
73.72	75.91	40 tempo: 135.999
73.72	73.72	 beat: 0
74.16	74.16	 beat: 1
74.61	74.61	 beat: 2
75.02	75.02	 beat: 3
75.46	75.46	 beat: 4
75.91	88.61	17 tempo: 129.199
76.37	76.37	 beat: 0
76.81	76.81	 beat: 1
77.23	77.23	 beat: 2
77.67	77.67	 beat: 3
78.18	78.18	 beat: 4
78.72	78.72	 beat: 5
79.23	79.23	 beat: 6
79.71	79.71	 beat: 7
80.18	80.18	 beat: 8
80.62	80.62	 beat: 9
81.06	81.06	 beat: 10
81.50	81.50	 beat: 11
81.94	81.94	 beat: 12
82.38	82.38	 beat: 13
82.83	82.83	 beat: 14
83.29	83.29	 beat: 15
83.82	83.82	 beat: 16
84.33	84.33	 beat: 17
84.80	84.80	 beat: 18
85.29	85.29	 beat: 19
85.87	85.87	 beat: 20
86.36	86.36	 beat: 21
88.61	89.47	51 tempo: 151.999
89.05	89.05	 beat: 0
89.47	91.28	37 tempo: 135.999
89.91	89.91	 beat: 0
90.37	90.37	 beat: 1
90.81	90.81	 beat: 2
91.28	94.83	11 tempo: 135.999
91.72	91.72	 beat: 0
92.16	92.16	 beat: 1
92.60	92.60	 beat: 2
93.04	93.04	 beat: 3
93.48	93.48	 beat: 4
93.92	93.92	 beat: 5
94.39	94.39	 beat: 6
94.83	97.50	0 tempo: 135.999
95.27	95.27	 beat: 0
95.71	95.71	 beat: 1
96.15	96.15	 beat: 2
96.60	96.60	 beat: 3
97.04	97.04	 beat: 4
97.50	100.10	34 tempo: 135.999
97.94	97.94	 beat: 0
98.38	98.38	 beat: 1
98.82	98.82	 beat: 2
99.27	99.27	 beat: 3
99.68	99.68	 beat: 4
100.10	102.38	31 tempo: 129.199
100.17	100.17	 beat: 0
100.59	100.59	 beat: 1
101.05	101.05	 beat: 2
101.49	101.49	 beat: 3
102.38	103.72	55 tempo: 117.454
102.68	102.68	 beat: 0
103.21	103.21	 beat: 1
103.72	105.49	41 tempo: 135.999
104.16	104.16	 beat: 0
104.61	104.61	 beat: 1
105.05	105.05	 beat: 2
105.49	108.58	30 tempo: 135.999
105.91	105.91	 beat: 0
106.37	106.37	 beat: 1
106.81	106.81	 beat: 2
107.25	107.25	 beat: 3
107.67	107.67	 beat: 4
108.14	108.14	 beat: 5
108.58	110.83	27 tempo: 135.999
109.04	109.04	 beat: 0
109.48	109.48	 beat: 1
109.92	109.92	 beat: 2
110.39	110.39	 beat: 3
110.83	113.03	8 tempo: 129.199
111.27	111.27	 beat: 0
111.71	111.71	 beat: 1
112.15	112.15	 beat: 2
112.59	112.59	 beat: 3
113.03	115.26	60 tempo: 135.999
113.48	113.48	 beat: 0
113.94	113.94	 beat: 1
114.38	114.38	 beat: 2
114.82	114.82	 beat: 3
115.26	117.45	25 tempo: 135.999
115.71	115.71	 beat: 0
116.12	116.12	 beat: 1
116.56	116.56	 beat: 2
117.03	117.03	 beat: 3
117.45	120.02	21 tempo: 50.666
117.59	117.59	 beat: 0
120.02	120.86	1 tempo: 234.908
120.30	120.30	 beat: 0
120.56	120.56	 beat: 1
120.86	127.50	5 tempo: 135.999
121.28	121.28	 beat: 0
121.72	121.72	 beat: 1
122.16	122.16	 beat: 2
122.60	122.60	 beat: 3
123.04	123.04	 beat: 4
123.48	123.48	 beat: 5
123.95	123.95	 beat: 6
124.39	124.39	 beat: 7
124.83	124.83	 beat: 8
125.27	125.27	 beat: 9
125.71	125.71	 beat: 10
126.15	126.15	 beat: 11
126.60	126.60	 beat: 12
127.06	127.06	 beat: 13
127.50	128.82	56 tempo: 135.999
127.94	127.94	 beat: 0
128.38	128.38	 beat: 1
128.82	130.17	33 tempo: 135.999
129.29	129.29	 beat: 0
129.73	129.73	 beat: 1
130.17	131.49	6 tempo: 135.999
130.61	130.61	 beat: 0
131.05	131.05	 beat: 1
131.49	133.72	13 tempo: 135.999
131.94	131.94	 beat: 0
132.38	132.38	 beat: 1
132.84	132.84	 beat: 2
133.28	133.28	 beat: 3
133.72	135.51	40 tempo: 135.999
134.16	134.16	 beat: 0
134.61	134.61	 beat: 1
135.07	135.07	 beat: 2
135.51	141.29	5 tempo: 135.999
135.95	135.95	 beat: 0
136.39	136.39	 beat: 1
136.84	136.84	 beat: 2
137.28	137.28	 beat: 3
137.72	137.72	 beat: 4
138.16	138.16	 beat: 5
138.62	138.62	 beat: 6
139.06	139.06	 beat: 7
139.51	139.51	 beat: 8
139.95	139.95	 beat: 9
140.39	140.39	 beat: 10
140.83	140.83	 beat: 11
141.29	143.94	14 tempo: 135.999
141.73	141.73	 beat: 0
142.18	142.18	 beat: 1
142.62	142.62	 beat: 2
143.06	143.06	 beat: 3
143.50	143.50	 beat: 4
143.94	147.96	36 tempo: 135.999
144.38	144.38	 beat: 0
144.82	144.82	 beat: 1
145.29	145.29	 beat: 2
145.73	145.73	 beat: 3
146.17	146.17	 beat: 4
146.61	146.61	 beat: 5
147.08	147.08	 beat: 6
147.96	149.19	62 tempo: 287.109
147.96	147.96	 beat: 0
148.17	148.17	 beat: 1
149.19	151.77	28 tempo: 143.555
150.84	150.84	 beat: 0
151.25	151.25	 beat: 1
151.77	154.27	32 tempo: 123.047
152.28	152.28	 beat: 0
152.76	152.76	 beat: 1
153.27	153.27	 beat: 2
153.79	153.79	 beat: 3
154.27	157.29	54 tempo: 123.047
154.78	154.78	 beat: 0
155.27	155.27	 beat: 1
155.78	155.78	 beat: 2
156.27	156.27	 beat: 3
156.76	156.76	 beat: 4
157.29	161.77	4 tempo: 60.093
157.78	157.78	 beat: 0
158.80	158.80	 beat: 1
159.78	159.78	 beat: 2
160.77	160.77	 beat: 3
161.77	163.79	43 tempo: 117.454
162.26	162.26	 beat: 0
162.77	162.77	 beat: 1
163.26	163.26	 beat: 2
163.79	164.28	4 tempo: 143.555
163.86	163.86	 beat: 0
164.28	164.77	42 tempo: 143.555
164.35	164.35	 beat: 0
164.77	167.74	35 tempo: 129.199
166.35	166.35	 beat: 0
166.81	166.81	 beat: 1
167.25	167.25	 beat: 2
167.74	170.27	42 tempo: 123.047
168.28	168.28	 beat: 0
168.76	168.76	 beat: 1
169.27	169.27	 beat: 2
169.78	169.78	 beat: 3
170.27	171.27	57 tempo: 117.454
170.27	170.27	 beat: 0
170.78	170.78	 beat: 1
171.27	173.06	47 tempo: 184.570
171.34	171.34	 beat: 0
171.69	171.69	 beat: 1
172.01	172.01	 beat: 2
172.34	172.34	 beat: 3
173.06	175.78	48 tempo: 184.570
173.78	173.78	 beat: 0
174.10	174.10	 beat: 1
174.45	174.45	 beat: 2
174.80	174.80	 beat: 3
175.78	176.77	3 tempo: 123.047
176.26	176.26	 beat: 0
176.77	180.77	16 tempo: 123.047
177.77	177.77	 beat: 0
178.26	178.26	 beat: 1
178.75	178.75	 beat: 2
179.28	179.28	 beat: 3
179.77	179.77	 beat: 4
180.28	180.28	 beat: 5
180.77	184.76	39 tempo: 123.047
181.79	181.79	 beat: 0
182.28	182.28	 beat: 1
182.76	182.76	 beat: 2
183.28	183.28	 beat: 3
183.79	183.79	 beat: 4
184.27	184.27	 beat: 5
184.76	188.76	50 tempo: 123.047
185.78	185.78	 beat: 0
186.27	186.27	 beat: 1
186.76	186.76	 beat: 2
187.27	187.27	 beat: 3
187.78	187.78	 beat: 4
188.76	190.71	58 tempo: 123.047
189.78	189.78	 beat: 0
190.26	190.26	 beat: 1
190.71	194.23	23 tempo: 117.454
190.78	190.78	 beat: 0
