[   7   26   45   64   84  103  122  141  160  179  198  217  237  256
  275  294  313  332  352  371  390  409  428  447  466  485  505  524
  543  562  581  600  619  638  658  677  696  715  735  754  772  790
  811  830  849  868  887  906  925  944  963  983 1002 1021 1041 1060
 1079 1098 1117 1136 1156 1175 1194 1212 1231 1251 1270 1289 1309 1328
 1347 1366 1383 1402 1422 1442 1462 1481 1500 1519 1538 1556 1575 1595
 1615 1634 1653 1672 1691 1710 1728 1748 1768 1786 1805 1824 1843 1864
 1883 1902 1921 1940 1958 1978 1997 2016 2034 2054 2073 2093 2112 2132
 2151 2170 2189 2208 2227 2246 2265 2284 2304 2323 2342 2361 2380 2398
 2417 2437 2456 2475 2494 2512 2530 2548 2566 2584 2602 2620 2639 2658
 2677 2696 2715 2735 2754 2773 2792 2811 2830 2849 2868 2888 2907 2926
 2945 2964 2984 3003 3022 3041 3060 3079 3098 3118 3137 3156 3175 3194
 3213 3231 3250 3269 3289 3308 3326 3345 3362 3378 3395 3413 3433 3453
 3472 3491 3510 3529 3548 3567 3586 3606 3625 3644 3663 3682 3701 3719
 3739 3758 3778 3797 3816 3835 3853 3872 3892 3911 3931 3950 3969 3988
 4007 4026 4045 4065 4084 4103 4122 4141 4160 4179 4199 4218 4237 4256
 4275 4293 4311 4332 4352 4371 4391 4409 4427 4446 4467 4486 4505 4524
 4543 4561 4581 4600 4619 4637 4657 4676 4696 4715 4734 4754 4773 4792
 4811 4830 4849 4868 4887 4907 4926 4945 4964 4983 5001 5020 5040 5058
 5077 5096 5115 5133 5151 5169 5187 5205 5223 5242 5261 5280 5299 5318
 5338 5357 5376 5395 5414 5433 5452 5472 5491 5510 5529 5548 5568 5587
 5606 5625 5644 5663 5682 5701 5721 5740 5759 5778 5797 5817 5836 5855
 5874 5893 5912 5931 5950 5970 5989 6008 6027 6046 6065 6085 6104 6123
 6142 6161 6180 6199 6218 6237 6257 6276 6295 6314 6334 6353 6372 6390
 6407 6425 6443 6461 6479 6497 6515 6536 6558 6579 6601 6623 6644 6666
 6687 6709 6730 6751 6774 6795 6816 6839 6859 6881 6902 6924 6946 6967
 6988 7010 7031 7054 7075 7096 7114 7131 7148 7165 7184 7203 7224 7247
 7268 7290 7312 7333 7355 7376 7396 7415 7434 7453 7472 7491 7510 7529
 7548 7570 7591 7613 7635 7656 7677 7698 7721 7742 7764 7785 7807 7829
 7850 7871 7893 7915 7936 7957 7979 8001 8022 8043 8065 8087 8108 8129
 8152 8173 8194 8213 8232]
135.99917763157896
0.00	0.00	k=32
0.16	7.71	3 tempo: 135.999
0.60	0.60	 beat: 0
1.04	1.04	 beat: 1
1.49	1.49	 beat: 2
1.95	1.95	 beat: 3
2.39	2.39	 beat: 4
2.83	2.83	 beat: 5
3.27	3.27	 beat: 6
3.72	3.72	 beat: 7
4.16	4.16	 beat: 8
4.60	4.60	 beat: 9
5.04	5.04	 beat: 10
5.50	5.50	 beat: 11
5.94	5.94	 beat: 12
6.39	6.39	 beat: 13
6.83	6.83	 beat: 14
7.27	7.27	 beat: 15
7.71	14.81	19 tempo: 135.999
8.17	8.17	 beat: 0
8.61	8.61	 beat: 1
9.06	9.06	 beat: 2
9.50	9.50	 beat: 3
9.94	9.94	 beat: 4
10.38	10.38	 beat: 5
10.82	10.82	 beat: 6
11.26	11.26	 beat: 7
11.73	11.73	 beat: 8
12.17	12.17	 beat: 9
12.61	12.61	 beat: 10
13.05	13.05	 beat: 11
13.49	13.49	 beat: 12
13.93	13.93	 beat: 13
14.81	15.28	3 tempo: 143.555
14.86	14.86	 beat: 0
15.28	21.92	20 tempo: 135.999
15.51	15.51	 beat: 0
15.95	15.95	 beat: 1
16.39	16.39	 beat: 2
16.81	16.81	 beat: 3
17.25	17.25	 beat: 4
17.79	17.79	 beat: 5
18.34	18.34	 beat: 6
18.83	18.83	 beat: 7
19.27	19.27	 beat: 8
19.71	19.71	 beat: 9
20.15	20.15	 beat: 10
20.60	20.60	 beat: 11
21.04	21.04	 beat: 12
21.48	21.48	 beat: 13
21.92	25.05	22 tempo: 135.999
22.36	22.36	 beat: 0
22.83	22.83	 beat: 1
23.27	23.27	 beat: 2
23.71	23.71	 beat: 3
24.17	24.17	 beat: 4
24.61	24.61	 beat: 5
25.05	26.84	12 tempo: 129.199
25.36	25.36	 beat: 0
25.87	25.87	 beat: 1
26.38	26.38	 beat: 2
26.84	29.05	27 tempo: 143.555
27.28	27.28	 beat: 0
27.72	27.72	 beat: 1
28.14	28.14	 beat: 2
29.05	35.27	31 tempo: 135.999
29.49	29.49	 beat: 0
29.93	29.93	 beat: 1
30.39	30.39	 beat: 2
30.84	30.84	 beat: 3
31.28	31.28	 beat: 4
31.72	31.72	 beat: 5
32.11	32.11	 beat: 6
32.55	32.55	 beat: 7
33.02	33.02	 beat: 8
33.48	33.48	 beat: 9
33.95	33.95	 beat: 10
34.39	34.39	 beat: 11
34.83	34.83	 beat: 12
35.27	37.94	2 tempo: 135.999
35.71	35.71	 beat: 0
36.13	36.13	 beat: 1
36.57	36.57	 beat: 2
37.04	37.04	 beat: 3
37.50	37.50	 beat: 4
37.94	39.71	26 tempo: 135.999
38.38	38.38	 beat: 0
38.82	38.82	 beat: 1
39.26	39.26	 beat: 2
39.71	40.12	8 tempo: 143.555
40.12	42.79	25 tempo: 92.285
40.59	40.59	 beat: 0
41.26	41.26	 beat: 1
42.07	42.07	 beat: 2
42.79	43.28	24 tempo: 143.555
42.86	42.86	 beat: 0
43.28	48.13	4 tempo: 135.999
43.72	43.72	 beat: 0
44.16	44.16	 beat: 1
44.61	44.61	 beat: 2
45.05	45.05	 beat: 3
45.46	45.46	 beat: 4
45.93	45.93	 beat: 5
46.37	46.37	 beat: 6
46.81	46.81	 beat: 7
47.23	47.23	 beat: 8
47.69	47.69	 beat: 9
48.13	50.39	18 tempo: 129.199
48.60	48.60	 beat: 0
49.04	49.04	 beat: 1
49.50	49.50	 beat: 2
49.95	49.95	 beat: 3
50.39	54.82	23 tempo: 135.999
50.83	50.83	 beat: 0
51.27	51.27	 beat: 1
51.71	51.71	 beat: 2
52.15	52.15	 beat: 3
52.59	52.59	 beat: 4
53.03	53.03	 beat: 5
53.50	53.50	 beat: 6
53.94	53.94	 beat: 7
54.38	54.38	 beat: 8
54.82	56.59	8 tempo: 135.999
55.26	55.26	 beat: 0
55.68	55.68	 beat: 1
56.12	56.12	 beat: 2
56.59	57.03	25 tempo: 198.768
56.66	56.66	 beat: 0
57.03	59.58	6 tempo: 49.692
57.14	57.14	 beat: 0
59.58	60.42	30 tempo: 234.908
59.86	59.86	 beat: 0
60.12	60.12	 beat: 1
60.42	67.94	1 tempo: 135.999
60.84	60.84	 beat: 0
61.28	61.28	 beat: 1
61.72	61.72	 beat: 2
62.16	62.16	 beat: 3
62.60	62.60	 beat: 4
63.04	63.04	 beat: 5
63.51	63.51	 beat: 6
63.95	63.95	 beat: 7
64.39	64.39	 beat: 8
64.83	64.83	 beat: 9
65.27	65.27	 beat: 10
65.71	65.71	 beat: 11
66.15	66.15	 beat: 12
66.59	66.59	 beat: 13
67.06	67.06	 beat: 14
67.94	68.82	16 tempo: 135.999
68.38	68.38	 beat: 0
68.82	71.05	5 tempo: 135.999
69.29	69.29	 beat: 0
69.73	69.73	 beat: 1
70.17	70.17	 beat: 2
70.61	70.61	 beat: 3
71.05	75.91	13 tempo: 135.999
71.52	71.52	 beat: 0
71.94	71.94	 beat: 1
72.40	72.40	 beat: 2
72.84	72.84	 beat: 3
73.28	73.28	 beat: 4
73.72	73.72	 beat: 5
74.16	74.16	 beat: 6
74.61	74.61	 beat: 7
75.02	75.02	 beat: 8
75.46	75.46	 beat: 9
75.91	88.61	7 tempo: 129.199
76.37	76.37	 beat: 0
76.81	76.81	 beat: 1
77.23	77.23	 beat: 2
77.67	77.67	 beat: 3
78.18	78.18	 beat: 4
78.72	78.72	 beat: 5
79.23	79.23	 beat: 6
79.71	79.71	 beat: 7
80.18	80.18	 beat: 8
80.62	80.62	 beat: 9
81.06	81.06	 beat: 10
81.50	81.50	 beat: 11
81.94	81.94	 beat: 12
82.38	82.38	 beat: 13
82.83	82.83	 beat: 14
83.29	83.29	 beat: 15
83.82	83.82	 beat: 16
84.33	84.33	 beat: 17
84.80	84.80	 beat: 18
85.29	85.29	 beat: 19
85.87	85.87	 beat: 20
86.36	86.36	 beat: 21
88.61	89.47	30 tempo: 151.999
89.05	89.05	 beat: 0
89.47	96.60	9 tempo: 135.999
89.91	89.91	 beat: 0
90.37	90.37	 beat: 1
90.81	90.81	 beat: 2
91.28	91.28	 beat: 3
91.72	91.72	 beat: 4
92.16	92.16	 beat: 5
92.60	92.60	 beat: 6
93.04	93.04	 beat: 7
93.48	93.48	 beat: 8
93.92	93.92	 beat: 9
94.39	94.39	 beat: 10
94.83	94.83	 beat: 11
95.27	95.27	 beat: 12
95.71	95.71	 beat: 13
96.60	97.94	2 tempo: 129.199
97.01	97.01	 beat: 0
97.48	97.48	 beat: 1
97.94	100.10	26 tempo: 135.999
98.38	98.38	 beat: 0
98.82	98.82	 beat: 1
99.27	99.27	 beat: 2
99.68	99.68	 beat: 3
100.10	102.38	17 tempo: 129.199
100.17	100.17	 beat: 0
100.59	100.59	 beat: 1
101.05	101.05	 beat: 2
101.49	101.49	 beat: 3
102.38	103.72	24 tempo: 117.454
102.68	102.68	 beat: 0
103.21	103.21	 beat: 1
103.72	108.58	4 tempo: 135.999
104.16	104.16	 beat: 0
104.61	104.61	 beat: 1
105.05	105.05	 beat: 2
105.49	105.49	 beat: 3
105.91	105.91	 beat: 4
106.37	106.37	 beat: 5
106.81	106.81	 beat: 6
107.25	107.25	 beat: 7
107.67	107.67	 beat: 8
108.14	108.14	 beat: 9
108.58	111.27	18 tempo: 135.999
109.04	109.04	 beat: 0
109.48	109.48	 beat: 1
109.92	109.92	 beat: 2
110.39	110.39	 beat: 3
111.27	114.82	23 tempo: 135.999
111.27	111.27	 beat: 0
111.71	111.71	 beat: 1
112.15	112.15	 beat: 2
112.59	112.59	 beat: 3
113.03	113.03	 beat: 4
113.48	113.48	 beat: 5
113.94	113.94	 beat: 6
114.38	114.38	 beat: 7
114.82	116.12	8 tempo: 135.999
115.26	115.26	 beat: 0
115.71	115.71	 beat: 1
116.12	117.45	25 tempo: 135.999
116.56	116.56	 beat: 0
117.01	117.01	 beat: 1
117.45	120.02	6 tempo: 50.666
117.59	117.59	 beat: 0
120.02	120.86	30 tempo: 234.908
120.30	120.30	 beat: 0
120.56	120.56	 beat: 1
120.86	128.38	1 tempo: 135.999
121.28	121.28	 beat: 0
121.72	121.72	 beat: 1
122.16	122.16	 beat: 2
122.60	122.60	 beat: 3
123.04	123.04	 beat: 4
123.48	123.48	 beat: 5
123.95	123.95	 beat: 6
124.39	124.39	 beat: 7
124.83	124.83	 beat: 8
125.27	125.27	 beat: 9
125.71	125.71	 beat: 10
126.15	126.15	 beat: 11
126.60	126.60	 beat: 12
127.06	127.06	 beat: 13
127.50	127.50	 beat: 14
128.38	129.29	16 tempo: 129.199
128.82	128.82	 beat: 0
129.29	131.49	5 tempo: 135.999
129.73	129.73	 beat: 0
130.17	130.17	 beat: 1
130.61	130.61	 beat: 2
131.05	131.05	 beat: 3
131.49	135.51	13 tempo: 135.999
131.94	131.94	 beat: 0
132.38	132.38	 beat: 1
132.84	132.84	 beat: 2
133.28	133.28	 beat: 3
133.72	133.72	 beat: 4
134.16	134.16	 beat: 5
134.61	134.61	 beat: 6
135.07	135.07	 beat: 7
135.51	141.29	1 tempo: 135.999
135.95	135.95	 beat: 0
136.39	136.39	 beat: 1
136.84	136.84	 beat: 2
137.28	137.28	 beat: 3
137.72	137.72	 beat: 4
138.16	138.16	 beat: 5
138.62	138.62	 beat: 6
139.06	139.06	 beat: 7
139.51	139.51	 beat: 8
139.95	139.95	 beat: 9
140.39	140.39	 beat: 10
140.83	140.83	 beat: 11
141.29	141.73	16 tempo: 135.999
141.29	141.29	 beat: 0
141.73	146.61	29 tempo: 135.999
142.62	142.62	 beat: 0
143.06	143.06	 beat: 1
143.50	143.50	 beat: 2
143.94	143.94	 beat: 3
144.38	144.38	 beat: 4
144.82	144.82	 beat: 5
145.29	145.29	 beat: 6
145.73	145.73	 beat: 7
146.17	146.17	 beat: 8
146.61	149.19	21 tempo: 135.999
147.08	147.08	 beat: 0
147.52	147.52	 beat: 1
147.96	147.96	 beat: 2
149.19	151.77	15 tempo: 143.555
150.84	150.84	 beat: 0
151.25	151.25	 beat: 1
151.77	158.27	11 tempo: 123.047
152.28	152.28	 beat: 0
152.76	152.76	 beat: 1
153.27	153.27	 beat: 2
153.79	153.79	 beat: 3
154.27	154.27	 beat: 4
154.78	154.78	 beat: 5
155.27	155.27	 beat: 6
155.78	155.78	 beat: 7
156.27	156.27	 beat: 8
156.76	156.76	 beat: 9
157.27	157.27	 beat: 10
157.78	157.78	 beat: 11
158.27	164.77	28 tempo: 117.454
158.80	158.80	 beat: 0
159.27	159.27	 beat: 1
159.78	159.78	 beat: 2
160.26	160.26	 beat: 3
160.77	160.77	 beat: 4
161.29	161.29	 beat: 5
161.77	161.77	 beat: 6
162.26	162.26	 beat: 7
162.77	162.77	 beat: 8
163.26	163.26	 beat: 9
163.79	163.79	 beat: 10
164.28	164.28	 beat: 11
164.77	167.74	10 tempo: 129.199
166.35	166.35	 beat: 0
166.81	166.81	 beat: 1
167.25	167.25	 beat: 2
167.74	171.27	28 tempo: 123.047
168.28	168.28	 beat: 0
168.76	168.76	 beat: 1
169.27	169.27	 beat: 2
169.78	169.78	 beat: 3
170.27	170.27	 beat: 4
171.27	175.78	6 tempo: 184.570
171.50	171.50	 beat: 0
171.83	171.83	 beat: 1
172.18	172.18	 beat: 2
172.50	172.50	 beat: 3
172.80	172.80	 beat: 4
173.13	173.13	 beat: 5
173.45	173.45	 beat: 6
173.78	173.78	 beat: 7
174.10	174.10	 beat: 8
174.45	174.45	 beat: 9
174.80	174.80	 beat: 10
175.12	175.12	 beat: 11
175.78	176.77	0 tempo: 123.047
176.26	176.26	 beat: 0
176.77	180.77	14 tempo: 123.047
177.77	177.77	 beat: 0
178.26	178.26	 beat: 1
178.75	178.75	 beat: 2
179.28	179.28	 beat: 3
179.77	179.77	 beat: 4
180.28	180.28	 beat: 5
180.77	184.76	0 tempo: 123.047
181.79	181.79	 beat: 0
182.28	182.28	 beat: 1
182.76	182.76	 beat: 2
183.28	183.28	 beat: 3
183.79	183.79	 beat: 4
184.27	184.27	 beat: 5
184.76	188.76	14 tempo: 123.047
185.78	185.78	 beat: 0
186.27	186.27	 beat: 1
186.76	186.76	 beat: 2
187.27	187.27	 beat: 3
187.78	187.78	 beat: 4
188.76	194.23	0 tempo: 123.047
189.29	189.29	 beat: 0
189.78	189.78	 beat: 1
190.26	190.26	 beat: 2
bad-guy.mp3 done
