0.00	0.00	k=64
0.16	7.27	4 tempo: 135.999
7.27	10.38	41 tempo: 135.999
10.38	14.81	14 tempo: 135.999
14.81	17.93	20 tempo: 135.999
17.93	21.92	35 tempo: 135.999
21.92	23.71	56 tempo: 135.999
23.71	25.05	19 tempo: 135.999
25.05	27.28	38 tempo: 117.454
27.28	29.05	24 tempo: 143.555
29.05	32.55	5 tempo: 135.999
32.55	34.83	61 tempo: 129.199
34.83	36.13	51 tempo: 129.199
36.13	38.38	22 tempo: 129.199
38.38	40.59	50 tempo: 117.454
40.59	42.79	2 tempo: 151.999
42.79	43.28	42 tempo: 143.555
43.28	46.37	10 tempo: 135.999
46.37	48.13	44 tempo: 135.999
48.13	50.39	15 tempo: 129.199
50.39	52.59	17 tempo: 135.999
52.59	54.82	23 tempo: 135.999
54.82	57.03	49 tempo: 135.999
57.03	59.58	21 tempo: 49.692
59.58	60.42	52 tempo: 234.908
60.42	67.06	1 tempo: 135.999
67.06	68.38	30 tempo: 135.999
68.38	69.73	45 tempo: 135.999
69.73	71.05	6 tempo: 135.999
71.05	74.16	12 tempo: 135.999
74.16	75.91	33 tempo: 135.999
75.91	88.61	3 tempo: 129.199
88.61	89.47	54 tempo: 151.999
89.47	91.72	43 tempo: 135.999
91.72	94.83	13 tempo: 129.199
94.83	97.50	32 tempo: 135.999
97.50	100.10	46 tempo: 135.999
100.10	101.05	7 tempo: 129.199
101.05	102.38	63 tempo: 129.199
102.38	103.72	42 tempo: 117.454
103.72	105.91	25 tempo: 135.999
105.91	108.58	27 tempo: 135.999
108.58	111.27	39 tempo: 135.999
111.27	115.26	11 tempo: 135.999
115.26	117.45	36 tempo: 135.999
117.45	120.02	21 tempo: 50.666
120.02	120.86	52 tempo: 234.908
120.86	127.50	1 tempo: 135.999
127.50	128.82	30 tempo: 135.999
128.82	130.17	45 tempo: 135.999
130.17	131.49	6 tempo: 135.999
131.49	133.72	12 tempo: 135.999
133.72	135.51	53 tempo: 135.999
135.51	141.29	1 tempo: 135.999
141.29	143.50	29 tempo: 135.999
143.50	145.73	60 tempo: 135.999
145.73	147.08	18 tempo: 135.999
147.08	149.19	57 tempo: 135.999
149.19	151.77	26 tempo: 143.555
151.77	152.28	59 tempo: 143.555
152.28	154.27	40 tempo: 151.999
154.27	158.27	0 tempo: 123.047
158.27	161.77	16 tempo: 117.454
161.77	163.79	58 tempo: 117.454
163.79	164.77	16 tempo: 143.555
164.77	167.74	37 tempo: 129.199
167.74	168.76	16 tempo: 123.047
168.76	171.27	48 tempo: 117.454
171.27	173.06	9 tempo: 184.570
173.06	175.78	31 tempo: 184.570
175.78	176.77	62 tempo: 123.047
176.77	180.77	55 tempo: 123.047
180.77	184.76	47 tempo: 123.047
184.76	188.76	8 tempo: 123.047
188.76	190.71	28 tempo: 123.047
190.71	194.23	34 tempo: 117.454