0.14	26.12	1 tempo: 123.047
26.12	27.82	3 tempo: 172.266
27.82	31.72	1 tempo: 123.047
31.72	33.72	2 tempo: 184.570
33.72	105.63	1 tempo: 92.285
105.63	108.25	2 tempo: 123.047
108.25	123.02	4 tempo: 123.047
123.02	181.30	0 tempo: 123.047
181.30	201.08	3 tempo: 92.285
201.08	203.06	2 tempo: 123.047
203.06	217.20	4 tempo: 184.570
217.20	297.33	2 tempo: 123.047
297.33	325.80	0 tempo: 123.047
325.80	347.51	1 tempo: 92.285
347.51	365.99	5 tempo: 184.570
365.99	395.34	3 tempo: 92.285
395.34	397.97	5 tempo: 172.266
397.97	405.56	3 tempo: 92.285
405.56	410.18	5 tempo: 92.285
410.18	444.17	4 tempo: 92.285
444.17	461.06	0 tempo: 184.570
