0.46	4.92	0 tempo: 123.0
4.92	7.96	13 tempo: 123.0
7.96	9.85	9 tempo: 129.2
9.85	11.33	12 tempo: 172.3
11.33	14.58	2 tempo: 123.0
14.58	16.76	16 tempo: 123.0
16.76	18.58	3 tempo: 123.0
18.58	20.71	10 tempo: 172.3
20.71	23.31	7 tempo: 123.0
23.31	25.98	14 tempo: 172.3
25.98	26.45	1 tempo: 143.6
26.45	27.82	11 tempo: 123.0
27.82	29.30	15 tempo: 234.9
29.30	31.25	4 tempo: 123.0
31.25	33.88	1 tempo: 123.0
33.88	36.52	14 tempo: 184.6
36.52	38.01	1 tempo: 172.3
38.01	38.50	11 tempo: 234.9
38.50	39.47	15 tempo: 112.3
39.47	40.96	17 tempo: 136.0
40.96	44.47	5 tempo: 99.4
44.47	47.09	6 tempo: 95.7
47.09	49.50	8 tempo: 76.0
