0.14	20.55	0 tempo: 123.0
20.55	23.15	10 tempo: 117.5
23.15	25.80	16 tempo: 172.3
25.80	28.47	23 tempo: 184.6
28.47	30.74	11 tempo: 143.6
30.74	33.72	26 tempo: 123.0
33.72	36.34	16 tempo: 184.6
36.34	39.01	23 tempo: 184.6
39.01	44.26	11 tempo: 66.3
44.26	62.07	0 tempo: 123.0
62.07	63.74	11 tempo: 123.0
63.74	68.01	0 tempo: 95.7
68.01	84.85	11 tempo: 92.3
84.85	105.63	4 tempo: 92.3
105.63	108.25	8 tempo: 123.0
108.25	121.42	5 tempo: 123.0
121.42	123.62	22 tempo: 117.5
123.62	133.14	14 tempo: 123.0
133.14	137.11	17 tempo: 123.0
137.11	151.30	18 tempo: 123.0
151.30	151.97	3 tempo: 136.0
151.97	161.84	14 tempo: 123.0
161.84	165.81	17 tempo: 123.0
165.81	179.98	18 tempo: 123.0
179.98	181.30	3 tempo: 123.0
181.30	183.95	27 tempo: 123.0
183.95	188.22	12 tempo: 92.3
188.22	192.21	7 tempo: 184.6
192.21	194.19	27 tempo: 184.6
194.19	198.79	12 tempo: 184.6
198.79	200.76	7 tempo: 184.6
200.76	203.06	26 tempo: 123.0
203.06	216.22	5 tempo: 184.6
216.22	218.73	22 tempo: 117.5
218.73	233.57	6 tempo: 123.0
233.57	236.22	8 tempo: 123.0
236.22	251.38	6 tempo: 123.0
251.38	256.53	8 tempo: 123.0
256.53	271.16	2 tempo: 123.0
271.16	276.57	8 tempo: 184.6
276.57	291.29	2 tempo: 123.0
291.29	298.66	8 tempo: 184.6
298.66	300.35	14 tempo: 117.5
300.35	302.02	3 tempo: 123.0
302.02	307.92	14 tempo: 123.0
307.92	308.27	3 tempo: 143.6
308.27	310.24	18 tempo: 172.3
310.24	312.17	17 tempo: 123.0
312.17	325.50	18 tempo: 184.6
325.50	330.37	10 tempo: 92.3
330.37	331.70	16 tempo: 143.6
331.70	336.29	21 tempo: 92.3
336.29	336.92	11 tempo: 258.4
336.92	341.26	10 tempo: 184.6
341.26	342.24	16 tempo: 103.4
342.24	346.86	21 tempo: 184.6
346.86	349.83	15 tempo: 184.6
349.83	361.67	25 tempo: 92.3
361.67	364.99	24 tempo: 172.3
364.99	366.97	19 tempo: 123.0
366.97	368.97	27 tempo: 123.0
368.97	373.59	12 tempo: 184.6
373.59	377.18	7 tempo: 184.6
377.18	379.51	27 tempo: 172.3
379.51	384.13	12 tempo: 184.6
384.13	387.73	7 tempo: 184.6
387.73	388.75	27 tempo: 143.6
388.75	394.02	13 tempo: 92.3
394.02	396.67	20 tempo: 123.0
396.67	398.97	19 tempo: 184.6
398.97	399.29	27 tempo: 136.0
399.29	404.24	13 tempo: 92.3
404.24	406.88	20 tempo: 92.3
406.88	410.18	19 tempo: 89.1
410.18	411.16	4 tempo: 184.6
411.16	443.48	1 tempo: 92.3
443.48	461.06	9 tempo: 184.6
