0.16	7.71	18
7.71	14.81	5
14.81	15.28	18
15.28	21.92	9
21.92	25.94	2
25.94	29.05	21
29.05	35.27	23
35.27	37.50	28
37.50	39.71	17
39.71	40.12	6
40.12	42.79	26
42.79	43.28	14
43.28	48.13	4
48.13	50.39	16
50.39	54.82	24
54.82	57.03	6
57.03	59.58	8
59.58	60.42	7
60.42	67.50	15
67.50	68.38	3
68.38	71.05	12
71.05	73.72	19
73.72	75.91	0
75.91	89.47	7
89.47	96.60	11
96.60	97.50	28
97.50	100.10	17
100.10	103.72	14
103.72	108.58	4
108.58	111.27	16
111.27	114.82	24
114.82	116.12	6
116.12	117.45	26
117.45	120.02	8
120.02	120.86	7
120.86	127.94	15
127.94	128.82	3
128.82	131.49	12
131.49	135.07	19
135.07	135.51	0
135.51	141.29	15
141.29	142.18	3
142.18	146.61	22
146.61	149.19	27
149.19	151.77	13
151.77	152.28	10
152.28	159.78	20
159.78	161.77	25
161.77	163.79	10
163.79	169.78	25
169.78	171.27	10
171.27	175.78	8
175.78	176.26	10
176.26	176.77	1
176.77	180.77	29
180.77	184.76	1
184.76	188.76	29
188.76	194.23	1
