0.39	6.22	9
6.22	30.33	5
30.33	35.57	16
35.57	36.01	25
36.01	40.63	10
40.63	41.47	0
41.47	42.72	10
42.72	50.87	4
50.87	57.70	2
57.70	64.51	4
64.51	70.89	2
70.89	71.33	25
71.33	77.72	6
77.72	78.16	25
78.16	84.52	3
84.52	84.96	25
84.96	91.37	6
91.37	91.81	25
91.81	98.45	3
98.45	101.84	1
101.84	105.67	26
105.67	108.65	1
108.65	110.67	26
110.67	112.71	12
112.71	115.68	1
115.68	119.10	26
119.10	123.34	1
123.34	124.13	26
124.13	126.34	12
126.34	129.34	1
129.34	131.49	26
131.49	134.42	18
134.42	137.81	1
137.81	139.95	26
139.95	140.78	12
140.78	143.38	23
143.38	145.94	11
145.94	148.93	19
148.93	151.90	15
151.90	152.32	8
152.32	155.74	24
155.74	159.15	8
159.15	162.56	21
162.56	165.56	15
165.56	169.04	22
169.04	171.97	20
171.97	175.78	7
175.78	178.77	13
178.77	182.58	7
182.58	185.60	13
185.60	189.85	7
189.85	192.40	13
192.40	196.65	7
196.65	197.93	13
197.93	200.53	27
200.53	207.75	4
207.75	212.83	2
212.83	215.43	10
215.43	221.38	4
221.38	227.76	2
227.76	228.18	25
228.18	234.57	6
234.57	234.99	25
234.99	241.39	3
241.39	241.84	25
241.84	248.22	6
248.22	248.66	25
248.66	254.56	3
254.56	257.32	17
257.32	259.39	14
259.39	266.24	0
