0.39	6.22	7
6.22	27.31	0
27.31	30.79	37
30.79	35.57	10
35.57	36.01	20
36.01	38.89	17
38.89	41.47	43
41.47	43.61	39
43.61	47.44	38
47.44	50.87	2
50.87	51.32	47
51.32	52.57	33
52.57	54.27	15
54.27	55.54	33
55.54	58.12	5
58.12	58.98	38
58.98	64.51	2
64.51	64.92	47
64.92	66.22	33
66.22	67.92	15
67.92	69.61	33
69.61	70.89	47
70.89	71.75	3
71.75	76.44	12
76.44	77.72	40
77.72	78.60	26
78.60	83.27	4
83.27	84.96	20
84.96	85.82	3
85.82	90.09	12
90.09	91.37	40
91.37	92.67	26
92.67	96.90	4
96.90	98.45	20
98.45	101.40	21
101.40	102.26	46
102.26	104.84	6
104.84	105.67	46
105.67	107.79	21
107.79	109.06	46
109.06	110.67	6
110.67	111.46	41
111.46	113.99	1
113.99	116.10	46
116.10	118.65	6
118.65	119.10	46
119.10	122.90	21
122.90	123.34	46
123.34	125.50	34
125.50	128.89	1
128.89	129.34	46
129.34	131.49	6
131.49	134.42	25
134.42	137.39	21
137.39	138.21	46
138.21	139.95	6
139.95	141.22	41
141.22	143.38	19
143.38	145.94	28
145.94	148.93	11
148.93	151.05	42
151.05	153.16	22
153.16	155.74	14
155.74	157.01	45
157.01	159.15	22
159.15	160.43	27
160.43	162.56	44
162.56	165.56	23
165.56	169.04	9
169.04	171.97	29
171.97	174.52	8
174.52	175.78	30
175.78	177.49	13
177.49	178.77	35
178.77	180.05	36
180.05	180.88	8
180.88	182.58	30
182.58	184.32	13
184.32	185.60	35
185.60	187.29	36
187.29	188.15	8
188.15	189.85	30
189.85	191.10	13
191.10	192.40	35
192.40	193.65	36
193.65	194.51	8
194.51	197.07	30
197.07	200.53	31
200.53	204.31	38
204.31	207.75	2
207.75	208.58	47
208.58	209.44	33
209.44	211.14	15
211.14	212.00	33
212.00	212.83	15
212.83	215.85	32
215.85	217.13	2
217.13	217.99	38
217.99	221.38	2
221.38	222.21	47
222.21	223.07	33
223.07	224.79	15
224.79	226.07	33
226.07	227.76	47
227.76	228.18	3
228.18	233.31	12
233.31	234.57	40
234.57	235.43	26
235.43	240.12	4
240.12	241.84	20
241.84	242.69	3
242.69	246.92	12
246.92	248.66	40
248.66	249.08	26
249.08	254.56	4
254.56	257.32	18
257.32	259.39	24
259.39	266.24	16
