0.16	7.27	19
7.27	14.81	10
14.81	15.28	19
15.28	21.92	4
21.92	24.17	31
24.17	25.05	21
25.05	26.38	20
26.38	29.05	26
29.05	35.27	30
35.27	37.94	16
37.94	40.12	36
40.12	42.79	12
42.79	43.28	25
43.28	45.05	24
45.05	48.13	3
48.13	49.04	35
49.04	50.39	15
50.39	54.82	22
54.82	57.03	34
57.03	59.58	8
59.58	60.42	32
60.42	67.94	6
67.94	70.61	2
70.61	72.84	17
72.84	75.91	9
75.91	88.61	1
88.61	89.47	32
89.47	97.04	13
97.04	98.38	37
98.38	100.10	5
100.10	102.38	27
102.38	103.72	25
103.72	105.91	24
105.91	108.58	3
108.58	109.48	35
109.48	111.27	15
111.27	114.82	22
114.82	115.26	34
115.26	117.45	12
117.45	120.02	8
120.02	120.86	32
120.86	128.38	6
128.38	131.05	2
131.05	133.28	17
133.28	135.51	9
135.51	141.29	6
141.29	143.94	29
143.94	147.08	11
147.08	149.19	39
149.19	151.77	18
151.77	156.76	14
156.76	157.78	23
157.78	158.27	14
158.27	164.77	23
164.77	167.74	0
167.74	170.27	23
170.27	171.27	38
171.27	173.06	8
173.06	175.78	28
175.78	176.77	7
176.77	180.77	33
180.77	184.76	7
184.76	188.76	33
188.76	194.23	7
