0.16	2.83	3
2.83	5.94	36
5.94	7.71	3
7.71	12.61	37
12.61	14.81	27
14.81	15.28	36
15.28	21.92	10
21.92	25.05	14
25.05	27.72	12
27.72	29.05	42
29.05	35.27	6
35.27	37.94	22
37.94	40.12	47
40.12	42.79	19
42.79	43.28	11
43.28	45.93	21
45.93	46.81	6
46.81	48.13	16
48.13	50.39	44
50.39	54.82	2
54.82	57.03	34
57.03	59.58	29
59.58	60.42	25
60.42	67.50	13
67.50	68.38	49
68.38	71.05	7
71.05	74.16	5
74.16	75.91	33
75.91	88.61	4
88.61	89.47	25
89.47	97.50	18
97.50	100.10	45
100.10	102.38	39
102.38	103.72	11
103.72	105.91	21
105.91	109.04	35
109.04	111.27	23
111.27	115.26	24
115.26	117.45	41
117.45	120.02	29
120.02	120.86	25
120.86	127.94	13
127.94	128.82	49
128.82	131.49	7
131.49	133.72	5
133.72	135.51	33
135.51	141.29	13
141.29	143.50	0
143.50	146.61	17
146.61	149.19	31
149.19	151.77	15
151.77	154.27	28
154.27	158.27	40
158.27	164.77	20
164.77	167.74	32
167.74	171.27	1
171.27	173.06	48
173.06	175.78	9
175.78	176.77	43
176.77	180.28	30
180.28	184.76	8
184.76	189.29	38
189.29	190.71	46
190.71	194.23	26
