0.39	6.22	10
6.22	35.57	3
35.57	36.01	6
36.01	41.05	8
41.05	42.72	17
42.72	43.14	16
43.14	50.87	2
50.87	57.70	16
57.70	64.51	2
64.51	70.89	16
70.89	71.33	6
71.33	71.75	15
71.75	77.30	1
77.30	78.16	15
78.16	84.96	0
84.96	85.40	15
85.40	90.93	1
90.93	91.81	15
91.81	98.45	0
98.45	102.26	15
102.26	103.56	6
103.56	105.26	14
105.26	105.67	6
105.67	109.06	15
109.06	110.27	6
110.27	112.71	14
112.71	116.10	15
116.10	119.10	6
119.10	123.34	15
123.34	124.13	6
124.13	126.34	14
126.34	129.34	15
129.34	131.49	6
131.49	134.42	7
134.42	138.21	15
138.21	139.95	6
139.95	143.38	14
143.38	148.93	9
148.93	151.90	12
151.90	162.56	4
162.56	165.56	12
165.56	169.04	9
169.04	171.97	7
171.97	197.93	5
197.93	200.53	7
200.53	207.75	2
207.75	212.83	16
212.83	215.43	8
215.43	215.85	16
215.85	221.38	2
221.38	227.76	16
227.76	228.18	6
228.18	234.13	1
234.13	234.99	15
234.99	241.84	0
241.84	242.28	15
242.28	248.22	1
248.22	248.66	15
248.66	254.56	0
254.56	257.32	11
257.32	259.39	13
259.39	266.24	7
