0.14	26.12	0 tempo: 123.047
0.46	0.46	 beat: 0
0.95	0.95	 beat: 1
1.44	1.44	 beat: 2
1.93	1.93	 beat: 3
2.41	2.41	 beat: 4
2.90	2.90	 beat: 5
3.41	3.41	 beat: 6
3.90	3.90	 beat: 7
4.41	4.41	 beat: 8
4.92	4.92	 beat: 9
5.39	5.39	 beat: 10
5.94	5.94	 beat: 11
6.48	6.48	 beat: 12
7.04	7.04	 beat: 13
7.52	7.52	 beat: 14
7.96	7.96	 beat: 15
8.38	8.38	 beat: 16
8.87	8.87	 beat: 17
9.33	9.33	 beat: 18
9.85	9.85	 beat: 19
10.36	10.36	 beat: 20
10.84	10.84	 beat: 21
11.33	11.33	 beat: 22
11.82	11.82	 beat: 23
12.31	12.31	 beat: 24
12.79	12.79	 beat: 25
13.24	13.24	 beat: 26
13.65	13.65	 beat: 27
14.14	14.14	 beat: 28
14.61	14.61	 beat: 29
15.09	15.09	 beat: 30
15.58	15.58	 beat: 31
16.07	16.07	 beat: 32
16.58	16.58	 beat: 33
17.09	17.09	 beat: 34
17.60	17.60	 beat: 35
18.09	18.09	 beat: 36
18.58	18.58	 beat: 37
19.16	19.16	 beat: 38
19.71	19.71	 beat: 39
20.22	20.22	 beat: 40
20.71	20.71	 beat: 41
21.22	21.22	 beat: 42
21.76	21.76	 beat: 43
22.29	22.29	 beat: 44
22.83	22.83	 beat: 45
23.31	23.31	 beat: 46
26.12	27.82	2 tempo: 172.266
26.45	26.45	 beat: 0
26.77	26.77	 beat: 1
27.12	27.12	 beat: 2
27.49	27.49	 beat: 3
27.82	31.72	0 tempo: 123.047
28.14	28.14	 beat: 0
28.65	28.65	 beat: 1
29.14	29.14	 beat: 2
29.68	29.68	 beat: 3
30.21	30.21	 beat: 4
30.74	30.74	 beat: 5
31.25	31.25	 beat: 6
31.72	33.72	4 tempo: 184.570
32.74	32.74	 beat: 0
33.07	33.07	 beat: 1
33.39	33.39	 beat: 2
33.72	105.63	0 tempo: 92.285
34.69	34.69	 beat: 0
35.34	35.34	 beat: 1
36.01	36.01	 beat: 2
36.71	36.71	 beat: 3
37.36	37.36	 beat: 4
38.01	38.01	 beat: 5
38.68	38.68	 beat: 6
39.33	39.33	 beat: 7
39.98	39.98	 beat: 8
40.63	40.63	 beat: 9
41.29	41.29	 beat: 10
41.96	41.96	 beat: 11
42.63	42.63	 beat: 12
43.28	43.28	 beat: 13
43.93	43.93	 beat: 14
44.61	44.61	 beat: 15
45.28	45.28	 beat: 16
45.95	45.95	 beat: 17
46.58	46.58	 beat: 18
47.25	47.25	 beat: 19
47.93	47.93	 beat: 20
48.60	48.60	 beat: 21
49.25	49.25	 beat: 22
49.90	49.90	 beat: 23
50.55	50.55	 beat: 24
51.20	51.20	 beat: 25
51.87	51.87	 beat: 26
52.55	52.55	 beat: 27
53.24	53.24	 beat: 28
53.87	53.87	 beat: 29
54.52	54.52	 beat: 30
55.19	55.19	 beat: 31
55.87	55.87	 beat: 32
56.52	56.52	 beat: 33
57.17	57.17	 beat: 34
57.82	57.82	 beat: 35
58.47	58.47	 beat: 36
59.14	59.14	 beat: 37
59.79	59.79	 beat: 38
60.44	60.44	 beat: 39
61.11	61.11	 beat: 40
61.81	61.81	 beat: 41
62.44	62.44	 beat: 42
63.09	63.09	 beat: 43
63.76	63.76	 beat: 44
64.41	64.41	 beat: 45
65.09	65.09	 beat: 46
65.74	65.74	 beat: 47
66.43	66.43	 beat: 48
67.06	67.06	 beat: 49
67.69	67.69	 beat: 50
68.36	68.36	 beat: 51
69.01	69.01	 beat: 52
69.68	69.68	 beat: 53
70.36	70.36	 beat: 54
71.01	71.01	 beat: 55
71.66	71.66	 beat: 56
72.33	72.33	 beat: 57
72.98	72.98	 beat: 58
73.61	73.61	 beat: 59
74.28	74.28	 beat: 60
74.93	74.93	 beat: 61
75.60	75.60	 beat: 62
76.25	76.25	 beat: 63
76.90	76.90	 beat: 64
77.58	77.58	 beat: 65
78.25	78.25	 beat: 66
78.90	78.90	 beat: 67
79.57	79.57	 beat: 68
80.22	80.22	 beat: 69
80.88	80.88	 beat: 70
81.55	81.55	 beat: 71
82.20	82.20	 beat: 72
82.87	82.87	 beat: 73
83.52	83.52	 beat: 74
84.17	84.17	 beat: 75
84.82	84.82	 beat: 76
85.50	85.50	 beat: 77
86.17	86.17	 beat: 78
86.84	86.84	 beat: 79
87.49	87.49	 beat: 80
88.14	88.14	 beat: 81
88.79	88.79	 beat: 82
89.47	89.47	 beat: 83
90.12	90.12	 beat: 84
90.77	90.77	 beat: 85
91.44	91.44	 beat: 86
92.11	92.11	 beat: 87
92.76	92.76	 beat: 88
93.41	93.41	 beat: 89
94.06	94.06	 beat: 90
94.71	94.71	 beat: 91
95.39	95.39	 beat: 92
96.06	96.06	 beat: 93
96.71	96.71	 beat: 94
97.41	97.41	 beat: 95
98.03	98.03	 beat: 96
98.68	98.68	 beat: 97
99.33	99.33	 beat: 98
100.01	100.01	 beat: 99
100.66	100.66	 beat: 100
101.33	101.33	 beat: 101
101.98	101.98	 beat: 102
102.66	102.66	 beat: 103
103.31	103.31	 beat: 104
103.96	103.96	 beat: 105
104.47	104.47	 beat: 106
104.95	104.95	 beat: 107
105.63	108.25	4 tempo: 123.047
105.79	105.79	 beat: 0
106.28	106.28	 beat: 1
106.77	106.77	 beat: 2
107.28	107.28	 beat: 3
108.25	123.02	3 tempo: 123.047
108.58	108.58	 beat: 0
109.06	109.06	 beat: 1
109.57	109.57	 beat: 2
110.06	110.06	 beat: 3
110.55	110.55	 beat: 4
111.06	111.06	 beat: 5
111.57	111.57	 beat: 6
112.06	112.06	 beat: 7
112.55	112.55	 beat: 8
113.03	113.03	 beat: 9
113.55	113.55	 beat: 10
114.03	114.03	 beat: 11
114.52	114.52	 beat: 12
114.99	114.99	 beat: 13
115.43	115.43	 beat: 14
115.84	115.84	 beat: 15
116.31	116.31	 beat: 16
116.82	116.82	 beat: 17
117.31	117.31	 beat: 18
117.82	117.82	 beat: 19
118.31	118.31	 beat: 20
118.82	118.82	 beat: 21
119.30	119.30	 beat: 22
119.79	119.79	 beat: 23
120.30	120.30	 beat: 24
120.86	120.86	 beat: 25
121.42	121.42	 beat: 26
121.90	121.90	 beat: 27
122.42	122.42	 beat: 28
123.02	181.30	1 tempo: 123.047
123.25	123.25	 beat: 0
123.74	123.74	 beat: 1
124.25	124.25	 beat: 2
124.76	124.76	 beat: 3
125.25	125.25	 beat: 4
125.74	125.74	 beat: 5
126.22	126.22	 beat: 6
126.71	126.71	 beat: 7
127.20	127.20	 beat: 8
127.71	127.71	 beat: 9
128.22	128.22	 beat: 10
128.68	128.68	 beat: 11
129.20	129.20	 beat: 12
129.68	129.68	 beat: 13
130.17	130.17	 beat: 14
130.82	130.82	 beat: 15
131.33	131.33	 beat: 16
131.82	131.82	 beat: 17
132.31	132.31	 beat: 18
132.82	132.82	 beat: 19
133.31	133.31	 beat: 20
133.82	133.82	 beat: 21
134.33	134.33	 beat: 22
134.82	134.82	 beat: 23
135.30	135.30	 beat: 24
135.79	135.79	 beat: 25
136.30	136.30	 beat: 26
136.88	136.88	 beat: 27
137.44	137.44	 beat: 28
137.93	137.93	 beat: 29
138.41	138.41	 beat: 30
138.92	138.92	 beat: 31
139.44	139.44	 beat: 32
139.92	139.92	 beat: 33
140.39	140.39	 beat: 34
140.90	140.90	 beat: 35
141.39	141.39	 beat: 36
141.87	141.87	 beat: 37
142.38	142.38	 beat: 38
142.94	142.94	 beat: 39
143.52	143.52	 beat: 40
144.03	144.03	 beat: 41
144.54	144.54	 beat: 42
145.06	145.06	 beat: 43
145.52	145.52	 beat: 44
146.01	146.01	 beat: 45
146.52	146.52	 beat: 46
147.01	147.01	 beat: 47
147.49	147.49	 beat: 48
147.98	147.98	 beat: 49
148.49	148.49	 beat: 50
149.00	149.00	 beat: 51
149.47	149.47	 beat: 52
149.95	149.95	 beat: 53
150.47	150.47	 beat: 54
150.98	150.98	 beat: 55
151.49	151.49	 beat: 56
151.97	151.97	 beat: 57
152.46	152.46	 beat: 58
152.95	152.95	 beat: 59
153.44	153.44	 beat: 60
153.93	153.93	 beat: 61
154.41	154.41	 beat: 62
154.92	154.92	 beat: 63
155.41	155.41	 beat: 64
155.90	155.90	 beat: 65
156.39	156.39	 beat: 66
156.90	156.90	 beat: 67
157.38	157.38	 beat: 68
157.87	157.87	 beat: 69
158.36	158.36	 beat: 70
158.87	158.87	 beat: 71
159.45	159.45	 beat: 72
160.01	160.01	 beat: 73
160.52	160.52	 beat: 74
161.01	161.01	 beat: 75
161.52	161.52	 beat: 76
162.01	162.01	 beat: 77
162.52	162.52	 beat: 78
163.00	163.00	 beat: 79
163.49	163.49	 beat: 80
163.98	163.98	 beat: 81
164.49	164.49	 beat: 82
165.05	165.05	 beat: 83
165.63	165.63	 beat: 84
166.14	166.14	 beat: 85
166.63	166.63	 beat: 86
167.14	167.14	 beat: 87
167.62	167.62	 beat: 88
168.11	168.11	 beat: 89
168.58	168.58	 beat: 90
169.09	169.09	 beat: 91
169.60	169.60	 beat: 92
170.09	170.09	 beat: 93
170.57	170.57	 beat: 94
171.06	171.06	 beat: 95
171.62	171.62	 beat: 96
172.20	172.20	 beat: 97
172.71	172.71	 beat: 98
173.20	173.20	 beat: 99
173.73	173.73	 beat: 100
174.20	174.20	 beat: 101
174.71	174.71	 beat: 102
175.19	175.19	 beat: 103
175.71	175.71	 beat: 104
176.19	176.19	 beat: 105
176.68	176.68	 beat: 106
177.17	177.17	 beat: 107
177.70	177.70	 beat: 108
178.17	178.17	 beat: 109
181.30	201.08	2 tempo: 92.285
181.63	181.63	 beat: 0
182.28	182.28	 beat: 1
182.97	182.97	 beat: 2
183.62	183.62	 beat: 3
184.27	184.27	 beat: 4
184.92	184.92	 beat: 5
185.60	185.60	 beat: 6
186.25	186.25	 beat: 7
186.92	186.92	 beat: 8
187.57	187.57	 beat: 9
188.22	188.22	 beat: 10
188.89	188.89	 beat: 11
189.54	189.54	 beat: 12
190.22	190.22	 beat: 13
190.87	190.87	 beat: 14
191.54	191.54	 beat: 15
192.21	192.21	 beat: 16
192.86	192.86	 beat: 17
193.54	193.54	 beat: 18
194.19	194.19	 beat: 19
194.84	194.84	 beat: 20
195.49	195.49	 beat: 21
196.14	196.14	 beat: 22
196.81	196.81	 beat: 23
197.46	197.46	 beat: 24
198.14	198.14	 beat: 25
198.79	198.79	 beat: 26
201.08	203.06	4 tempo: 123.047
201.15	201.15	 beat: 0
201.57	201.57	 beat: 1
202.06	202.06	 beat: 2
203.06	217.20	3 tempo: 184.570
203.41	203.41	 beat: 0
203.73	203.73	 beat: 1
204.08	204.08	 beat: 2
204.41	204.41	 beat: 3
204.71	204.71	 beat: 4
205.03	205.03	 beat: 5
205.36	205.36	 beat: 6
205.68	205.68	 beat: 7
206.03	206.03	 beat: 8
206.38	206.38	 beat: 9
206.70	206.70	 beat: 10
207.03	207.03	 beat: 11
207.33	207.33	 beat: 12
207.61	207.61	 beat: 13
207.89	207.89	 beat: 14
208.19	208.19	 beat: 15
208.52	208.52	 beat: 16
208.84	208.84	 beat: 17
209.19	209.19	 beat: 18
209.51	209.51	 beat: 19
209.84	209.84	 beat: 20
210.16	210.16	 beat: 21
210.49	210.49	 beat: 22
210.81	210.81	 beat: 23
211.12	211.12	 beat: 24
211.39	211.39	 beat: 25
211.67	211.67	 beat: 26
211.97	211.97	 beat: 27
212.30	212.30	 beat: 28
212.63	212.63	 beat: 29
212.95	212.95	 beat: 30
213.30	213.30	 beat: 31
213.65	213.65	 beat: 32
213.97	213.97	 beat: 33
214.30	214.30	 beat: 34
214.60	214.60	 beat: 35
214.92	214.92	 beat: 36
215.25	215.25	 beat: 37
215.57	215.57	 beat: 38
215.90	215.90	 beat: 39
216.22	216.22	 beat: 40
216.55	216.55	 beat: 41
216.87	216.87	 beat: 42
217.20	297.33	4 tempo: 123.047
217.52	217.52	 beat: 0
218.06	218.06	 beat: 1
218.57	218.57	 beat: 2
219.06	219.06	 beat: 3
219.54	219.54	 beat: 4
220.06	220.06	 beat: 5
220.54	220.54	 beat: 6
221.03	221.03	 beat: 7
221.52	221.52	 beat: 8
222.03	222.03	 beat: 9
222.54	222.54	 beat: 10
223.03	223.03	 beat: 11
223.54	223.54	 beat: 12
224.03	224.03	 beat: 13
224.51	224.51	 beat: 14
225.02	225.02	 beat: 15
225.51	225.51	 beat: 16
226.00	226.00	 beat: 17
226.49	226.49	 beat: 18
226.98	226.98	 beat: 19
227.49	227.49	 beat: 20
227.97	227.97	 beat: 21
228.46	228.46	 beat: 22
228.97	228.97	 beat: 23
229.46	229.46	 beat: 24
229.95	229.95	 beat: 25
230.46	230.46	 beat: 26
230.95	230.95	 beat: 27
231.46	231.46	 beat: 28
231.94	231.94	 beat: 29
232.43	232.43	 beat: 30
232.92	232.92	 beat: 31
233.43	233.43	 beat: 32
233.92	233.92	 beat: 33
234.41	234.41	 beat: 34
234.89	234.89	 beat: 35
235.40	235.40	 beat: 36
235.89	235.89	 beat: 37
236.38	236.38	 beat: 38
236.87	236.87	 beat: 39
237.35	237.35	 beat: 40
237.84	237.84	 beat: 41
238.35	238.35	 beat: 42
238.82	238.82	 beat: 43
239.33	239.33	 beat: 44
239.82	239.82	 beat: 45
240.33	240.33	 beat: 46
240.81	240.81	 beat: 47
241.30	241.30	 beat: 48
241.81	241.81	 beat: 49
242.28	242.28	 beat: 50
242.79	242.79	 beat: 51
243.30	243.30	 beat: 52
243.79	243.79	 beat: 53
244.30	244.30	 beat: 54
244.78	244.78	 beat: 55
245.30	245.30	 beat: 56
245.78	245.78	 beat: 57
246.27	246.27	 beat: 58
246.76	246.76	 beat: 59
247.27	247.27	 beat: 60
247.73	247.73	 beat: 61
248.24	248.24	 beat: 62
248.73	248.73	 beat: 63
249.22	249.22	 beat: 64
249.73	249.73	 beat: 65
250.22	250.22	 beat: 66
250.71	250.71	 beat: 67
251.22	251.22	 beat: 68
251.70	251.70	 beat: 69
252.19	252.19	 beat: 70
252.68	252.68	 beat: 71
253.17	253.17	 beat: 72
253.65	253.65	 beat: 73
254.17	254.17	 beat: 74
254.65	254.65	 beat: 75
255.16	255.16	 beat: 76
255.67	255.67	 beat: 77
256.19	256.19	 beat: 78
256.70	256.70	 beat: 79
257.16	257.16	 beat: 80
257.65	257.65	 beat: 81
258.14	258.14	 beat: 82
258.65	258.65	 beat: 83
259.13	259.13	 beat: 84
259.62	259.62	 beat: 85
260.11	260.11	 beat: 86
260.62	260.62	 beat: 87
261.11	261.11	 beat: 88
261.60	261.60	 beat: 89
262.11	262.11	 beat: 90
262.62	262.62	 beat: 91
263.08	263.08	 beat: 92
263.59	263.59	 beat: 93
264.08	264.08	 beat: 94
264.59	264.59	 beat: 95
265.08	265.08	 beat: 96
265.59	265.59	 beat: 97
266.08	266.08	 beat: 98
266.57	266.57	 beat: 99
267.05	267.05	 beat: 100
267.54	267.54	 beat: 101
268.05	268.05	 beat: 102
268.54	268.54	 beat: 103
269.03	269.03	 beat: 104
269.54	269.54	 beat: 105
270.02	270.02	 beat: 106
270.54	270.54	 beat: 107
271.02	271.02	 beat: 108
271.49	271.49	 beat: 109
272.11	272.11	 beat: 110
272.63	272.63	 beat: 111
273.11	273.11	 beat: 112
273.76	273.76	 beat: 113
274.25	274.25	 beat: 114
274.74	274.74	 beat: 115
275.27	275.27	 beat: 116
275.76	275.76	 beat: 117
276.22	276.22	 beat: 118
276.76	276.76	 beat: 119
277.27	277.27	 beat: 120
277.76	277.76	 beat: 121
278.27	278.27	 beat: 122
278.76	278.76	 beat: 123
279.24	279.24	 beat: 124
279.73	279.73	 beat: 125
280.24	280.24	 beat: 126
280.73	280.73	 beat: 127
281.22	281.22	 beat: 128
281.73	281.73	 beat: 129
282.22	282.22	 beat: 130
282.70	282.70	 beat: 131
283.17	283.17	 beat: 132
283.68	283.68	 beat: 133
284.17	284.17	 beat: 134
284.68	284.68	 beat: 135
285.16	285.16	 beat: 136
285.68	285.68	 beat: 137
286.19	286.19	 beat: 138
286.67	286.67	 beat: 139
287.18	287.18	 beat: 140
287.67	287.67	 beat: 141
288.16	288.16	 beat: 142
288.65	288.65	 beat: 143
289.13	289.13	 beat: 144
289.65	289.65	 beat: 145
290.13	290.13	 beat: 146
290.62	290.62	 beat: 147
291.11	291.11	 beat: 148
291.62	291.62	 beat: 149
292.11	292.11	 beat: 150
292.62	292.62	 beat: 151
293.13	293.13	 beat: 152
293.59	293.59	 beat: 153
294.03	294.03	 beat: 154
294.48	294.48	 beat: 155
294.89	294.89	 beat: 156
295.38	295.38	 beat: 157
295.87	295.87	 beat: 158
296.33	296.33	 beat: 159
296.84	296.84	 beat: 160
297.33	325.80	1 tempo: 123.047
297.84	297.84	 beat: 0
298.28	298.28	 beat: 1
298.84	298.84	 beat: 2
299.35	299.35	 beat: 3
299.84	299.84	 beat: 4
300.35	300.35	 beat: 5
300.86	300.86	 beat: 6
301.35	301.35	 beat: 7
301.84	301.84	 beat: 8
302.35	302.35	 beat: 9
302.83	302.83	 beat: 10
303.32	303.32	 beat: 11
303.81	303.81	 beat: 12
304.32	304.32	 beat: 13
304.83	304.83	 beat: 14
305.30	305.30	 beat: 15
305.88	305.88	 beat: 16
306.43	306.43	 beat: 17
306.92	306.92	 beat: 18
307.43	307.43	 beat: 19
307.92	307.92	 beat: 20
308.43	308.43	 beat: 21
308.92	308.92	 beat: 22
309.43	309.43	 beat: 23
309.92	309.92	 beat: 24
310.40	310.40	 beat: 25
310.92	310.92	 beat: 26
311.40	311.40	 beat: 27
311.89	311.89	 beat: 28
312.40	312.40	 beat: 29
313.03	313.03	 beat: 30
313.52	313.52	 beat: 31
314.03	314.03	 beat: 32
314.54	314.54	 beat: 33
315.03	315.03	 beat: 34
315.51	315.51	 beat: 35
316.02	316.02	 beat: 36
316.53	316.53	 beat: 37
317.00	317.00	 beat: 38
317.49	317.49	 beat: 39
318.07	318.07	 beat: 40
318.65	318.65	 beat: 41
319.14	319.14	 beat: 42
319.62	319.62	 beat: 43
320.11	320.11	 beat: 44
320.60	320.60	 beat: 45
321.11	321.11	 beat: 46
321.60	321.60	 beat: 47
322.08	322.08	 beat: 48
322.57	322.57	 beat: 49
323.08	323.08	 beat: 50
323.59	323.59	 beat: 51
324.08	324.08	 beat: 52
324.57	324.57	 beat: 53
325.01	325.01	 beat: 54
325.36	325.36	 beat: 55
325.80	347.51	0 tempo: 92.285
326.10	326.10	 beat: 0
326.75	326.75	 beat: 1
327.42	327.42	 beat: 2
328.07	328.07	 beat: 3
328.72	328.72	 beat: 4
329.38	329.38	 beat: 5
330.05	330.05	 beat: 6
330.70	330.70	 beat: 7
331.37	331.37	 beat: 8
332.02	332.02	 beat: 9
332.67	332.67	 beat: 10
333.32	333.32	 beat: 11
334.00	334.00	 beat: 12
334.65	334.65	 beat: 13
335.32	335.32	 beat: 14
335.97	335.97	 beat: 15
336.60	336.60	 beat: 16
337.27	337.27	 beat: 17
337.94	337.94	 beat: 18
338.59	338.59	 beat: 19
339.27	339.27	 beat: 20
339.94	339.94	 beat: 21
340.59	340.59	 beat: 22
341.26	341.26	 beat: 23
341.91	341.91	 beat: 24
342.56	342.56	 beat: 25
343.21	343.21	 beat: 26
343.89	343.89	 beat: 27
344.54	344.54	 beat: 28
345.07	345.07	 beat: 29
345.65	345.65	 beat: 30
346.21	346.21	 beat: 31
346.86	346.86	 beat: 32
347.51	365.99	5 tempo: 184.570
348.51	348.51	 beat: 0
348.83	348.83	 beat: 1
349.18	349.18	 beat: 2
349.51	349.51	 beat: 3
349.83	349.83	 beat: 4
350.16	350.16	 beat: 5
350.48	350.48	 beat: 6
350.81	350.81	 beat: 7
351.16	351.16	 beat: 8
351.48	351.48	 beat: 9
351.81	351.81	 beat: 10
352.13	352.13	 beat: 11
352.46	352.46	 beat: 12
352.78	352.78	 beat: 13
353.11	353.11	 beat: 14
353.45	353.45	 beat: 15
353.78	353.78	 beat: 16
354.10	354.10	 beat: 17
354.43	354.43	 beat: 18
354.75	354.75	 beat: 19
355.08	355.08	 beat: 20
355.40	355.40	 beat: 21
355.75	355.75	 beat: 22
356.10	356.10	 beat: 23
356.43	356.43	 beat: 24
356.75	356.75	 beat: 25
357.10	357.10	 beat: 26
357.42	357.42	 beat: 27
357.75	357.75	 beat: 28
358.07	358.07	 beat: 29
358.40	358.40	 beat: 30
358.73	358.73	 beat: 31
359.05	359.05	 beat: 32
359.38	359.38	 beat: 33
359.70	359.70	 beat: 34
360.05	360.05	 beat: 35
360.37	360.37	 beat: 36
360.70	360.70	 beat: 37
361.02	361.02	 beat: 38
361.35	361.35	 beat: 39
361.67	361.67	 beat: 40
362.00	362.00	 beat: 41
362.35	362.35	 beat: 42
362.67	362.67	 beat: 43
363.02	363.02	 beat: 44
363.35	363.35	 beat: 45
363.67	363.67	 beat: 46
364.00	364.00	 beat: 47
364.32	364.32	 beat: 48
364.67	364.67	 beat: 49
364.99	364.99	 beat: 50
365.32	365.32	 beat: 51
365.99	395.34	2 tempo: 92.285
366.29	366.29	 beat: 0
366.97	366.97	 beat: 1
367.64	367.64	 beat: 2
368.29	368.29	 beat: 3
368.97	368.97	 beat: 4
369.62	369.62	 beat: 5
370.29	370.29	 beat: 6
370.94	370.94	 beat: 7
371.59	371.59	 beat: 8
372.24	372.24	 beat: 9
372.94	372.94	 beat: 10
373.59	373.59	 beat: 11
374.24	374.24	 beat: 12
374.89	374.89	 beat: 13
375.54	375.54	 beat: 14
376.21	376.21	 beat: 15
376.86	376.86	 beat: 16
377.49	377.49	 beat: 17
378.18	378.18	 beat: 18
378.83	378.83	 beat: 19
379.51	379.51	 beat: 20
380.18	380.18	 beat: 21
380.85	380.85	 beat: 22
381.50	381.50	 beat: 23
382.15	382.15	 beat: 24
382.80	382.80	 beat: 25
383.48	383.48	 beat: 26
384.10	384.10	 beat: 27
384.80	384.80	 beat: 28
385.45	385.45	 beat: 29
386.12	386.12	 beat: 30
386.77	386.77	 beat: 31
387.42	387.42	 beat: 32
388.05	388.05	 beat: 33
388.75	388.75	 beat: 34
389.40	389.40	 beat: 35
390.07	390.07	 beat: 36
390.72	390.72	 beat: 37
391.37	391.37	 beat: 38
392.02	392.02	 beat: 39
392.70	392.70	 beat: 40
393.35	393.35	 beat: 41
394.02	394.02	 beat: 42
394.67	394.67	 beat: 43
395.34	397.97	5 tempo: 172.266
395.67	395.67	 beat: 0
395.99	395.99	 beat: 1
396.34	396.34	 beat: 2
396.67	396.67	 beat: 3
396.99	396.99	 beat: 4
397.32	397.32	 beat: 5
397.64	397.64	 beat: 6
397.97	405.56	2 tempo: 92.285
399.29	399.29	 beat: 0
399.96	399.96	 beat: 1
400.61	400.61	 beat: 2
401.26	401.26	 beat: 3
401.91	401.91	 beat: 4
402.59	402.59	 beat: 5
403.26	403.26	 beat: 6
403.91	403.91	 beat: 7
405.56	410.18	5 tempo: 92.285
405.91	405.91	 beat: 0
406.53	406.53	 beat: 1
407.21	407.21	 beat: 2
410.18	444.17	3 tempo: 92.285
410.25	410.25	 beat: 0
410.83	410.83	 beat: 1
411.48	411.48	 beat: 2
412.13	412.13	 beat: 3
412.78	412.78	 beat: 4
413.45	413.45	 beat: 5
414.13	414.13	 beat: 6
414.78	414.78	 beat: 7
415.45	415.45	 beat: 8
416.10	416.10	 beat: 9
416.75	416.75	 beat: 10
417.43	417.43	 beat: 11
418.10	418.10	 beat: 12
418.75	418.75	 beat: 13
419.42	419.42	 beat: 14
420.07	420.07	 beat: 15
420.70	420.70	 beat: 16
421.37	421.37	 beat: 17
422.05	422.05	 beat: 18
422.70	422.70	 beat: 19
423.37	423.37	 beat: 20
424.02	424.02	 beat: 21
424.67	424.67	 beat: 22
425.32	425.32	 beat: 23
425.99	425.99	 beat: 24
426.64	426.64	 beat: 25
427.32	427.32	 beat: 26
427.99	427.99	 beat: 27
428.64	428.64	 beat: 28
429.29	429.29	 beat: 29
429.96	429.96	 beat: 30
430.61	430.61	 beat: 31
431.29	431.29	 beat: 32
431.94	431.94	 beat: 33
432.59	432.59	 beat: 34
433.24	433.24	 beat: 35
433.89	433.89	 beat: 36
434.54	434.54	 beat: 37
435.23	435.23	 beat: 38
435.88	435.88	 beat: 39
436.56	436.56	 beat: 40
437.23	437.23	 beat: 41
437.88	437.88	 beat: 42
438.51	438.51	 beat: 43
439.18	439.18	 beat: 44
439.83	439.83	 beat: 45
440.51	440.51	 beat: 46
441.16	441.16	 beat: 47
441.83	441.83	 beat: 48
442.46	442.46	 beat: 49
442.97	442.97	 beat: 50
443.52	443.52	 beat: 51
444.17	461.06	1 tempo: 184.570
444.50	444.50	 beat: 0
444.80	444.80	 beat: 1
445.13	445.13	 beat: 2
445.45	445.45	 beat: 3
445.80	445.80	 beat: 4
446.12	446.12	 beat: 5
446.45	446.45	 beat: 6
446.78	446.78	 beat: 7
447.10	447.10	 beat: 8
447.45	447.45	 beat: 9
447.80	447.80	 beat: 10
448.12	448.12	 beat: 11
448.45	448.45	 beat: 12
448.77	448.77	 beat: 13
449.10	449.10	 beat: 14
449.45	449.45	 beat: 15
449.77	449.77	 beat: 16
450.10	450.10	 beat: 17
450.40	450.40	 beat: 18
450.72	450.72	 beat: 19
451.05	451.05	 beat: 20
451.40	451.40	 beat: 21
451.72	451.72	 beat: 22
452.05	452.05	 beat: 23
452.37	452.37	 beat: 24
452.70	452.70	 beat: 25
453.02	453.02	 beat: 26
453.37	453.37	 beat: 27
453.69	453.69	 beat: 28
454.04	454.04	 beat: 29
454.37	454.37	 beat: 30
454.69	454.69	 beat: 31
455.02	455.02	 beat: 32
455.37	455.37	 beat: 33
455.69	455.69	 beat: 34
456.02	456.02	 beat: 35
456.34	456.34	 beat: 36
456.67	456.67	 beat: 37
456.99	456.99	 beat: 38
457.34	457.34	 beat: 39
457.67	457.67	 beat: 40
457.99	457.99	 beat: 41
458.32	458.32	 beat: 42
