0.00	0.00	k=32
0.14	20.55	3 tempo: 123.047
\ 1000 2000
0.46	0.46	 beat: 0
0.95	0.95	 beat: 1
1.44	1.44	 beat: 2
1.93	1.93	 beat: 3
2.41	2.41	 beat: 4
2.90	2.90	 beat: 5
3.41	3.41	 beat: 6
3.90	3.90	 beat: 7
4.41	4.41	 beat: 8
4.92	4.92	 beat: 9
5.39	5.39	 beat: 10
5.94	5.94	 beat: 11
6.48	6.48	 beat: 12
7.04	7.04	 beat: 13
7.52	7.52	 beat: 14
7.96	7.96	 beat: 15
8.38	8.38	 beat: 16
8.87	8.87	 beat: 17
9.33	9.33	 beat: 18
9.85	9.85	 beat: 19
10.36	10.36	 beat: 20
10.84	10.84	 beat: 21
11.33	11.33	 beat: 22
11.82	11.82	 beat: 23
12.31	12.31	 beat: 24
12.79	12.79	 beat: 25
13.24	13.24	 beat: 26
13.65	13.65	 beat: 27
14.14	14.14	 beat: 28
14.61	14.61	 beat: 29
15.09	15.09	 beat: 30
15.58	15.58	 beat: 31
16.07	16.07	 beat: 32
16.58	16.58	 beat: 33
17.09	17.09	 beat: 34
17.60	17.60	 beat: 35
18.09	18.09	 beat: 36
20.55	23.15	28 tempo: 117.454
20.71	20.71	 beat: 0
21.20	21.20	 beat: 1
23.15	25.80	13 tempo: 172.266
23.45	23.45	 beat: 0
23.80	23.80	 beat: 1
24.15	24.15	 beat: 2
24.47	24.47	 beat: 3
24.82	24.82	 beat: 4
25.15	25.15	 beat: 5
25.47	25.47	 beat: 6
25.80	28.47	20 tempo: 184.570
25.87	25.87	 beat: 0
26.15	26.15	 beat: 1
26.45	26.45	 beat: 2
26.77	26.77	 beat: 3
27.12	27.12	 beat: 4
27.49	27.49	 beat: 5
27.82	27.82	 beat: 6
28.47	30.74	1 tempo: 143.555
28.54	28.54	 beat: 0
28.98	28.98	 beat: 1
29.44	29.44	 beat: 2
29.88	29.88	 beat: 3
30.33	30.33	 beat: 4
30.74	31.07	30 tempo: 129.199
31.07	33.72	18 tempo: 123.047
31.25	31.25	 beat: 0
31.72	31.72	 beat: 1
32.23	32.23	 beat: 2
32.74	32.74	 beat: 3
33.72	36.34	13 tempo: 184.570
33.79	33.79	 beat: 0
34.06	34.06	 beat: 1
34.37	34.37	 beat: 2
34.69	34.69	 beat: 3
35.02	35.02	 beat: 4
35.34	35.34	 beat: 5
35.69	35.69	 beat: 6
36.01	36.01	 beat: 7
36.34	39.01	20 tempo: 184.570
36.41	36.41	 beat: 0
36.71	36.71	 beat: 1
37.01	37.01	 beat: 2
37.36	37.36	 beat: 3
37.69	37.69	 beat: 4
38.01	38.01	 beat: 5
38.34	38.34	 beat: 6
39.01	44.26	1 tempo: 66.256
39.08	39.08	 beat: 0
39.98	39.98	 beat: 1
44.26	62.07	3 tempo: 123.047
44.47	44.47	 beat: 0
44.95	44.95	 beat: 1
45.58	45.58	 beat: 2
46.07	46.07	 beat: 3
46.58	46.58	 beat: 4
47.09	47.09	 beat: 5
47.51	47.51	 beat: 6
47.93	47.93	 beat: 7
48.37	48.37	 beat: 8
48.81	48.81	 beat: 9
49.25	49.25	 beat: 10
49.74	49.74	 beat: 11
50.20	50.20	 beat: 12
50.62	50.62	 beat: 13
51.06	51.06	 beat: 14
51.53	51.53	 beat: 15
52.01	52.01	 beat: 16
52.50	52.50	 beat: 17
53.01	53.01	 beat: 18
53.52	53.52	 beat: 19
54.01	54.01	 beat: 20
54.52	54.52	 beat: 21
55.03	55.03	 beat: 22
55.52	55.52	 beat: 23
56.15	56.15	 beat: 24
56.66	56.66	 beat: 25
57.17	57.17	 beat: 26
57.66	57.66	 beat: 27
58.12	58.12	 beat: 28
58.63	58.63	 beat: 29
59.14	59.14	 beat: 30
59.63	59.63	 beat: 31
60.14	60.14	 beat: 32
60.63	60.63	 beat: 33
61.11	61.11	 beat: 34
61.60	61.60	 beat: 35
62.07	63.74	1 tempo: 123.047
62.42	62.42	 beat: 0
62.86	62.86	 beat: 1
63.30	63.30	 beat: 2
63.74	68.01	3 tempo: 95.703
64.46	64.46	 beat: 0
65.11	65.11	 beat: 1
65.74	65.74	 beat: 2
66.32	66.32	 beat: 3
66.90	66.90	 beat: 4
67.45	67.45	 beat: 5
68.01	84.85	1 tempo: 92.285
68.08	68.08	 beat: 0
68.68	68.68	 beat: 1
69.33	69.33	 beat: 2
69.85	69.85	 beat: 3
70.36	70.36	 beat: 4
71.01	71.01	 beat: 5
71.66	71.66	 beat: 6
72.33	72.33	 beat: 7
72.98	72.98	 beat: 8
73.61	73.61	 beat: 9
74.28	74.28	 beat: 10
74.93	74.93	 beat: 11
75.60	75.60	 beat: 12
76.25	76.25	 beat: 13
76.90	76.90	 beat: 14
77.58	77.58	 beat: 15
78.25	78.25	 beat: 16
78.90	78.90	 beat: 17
79.57	79.57	 beat: 18
80.22	80.22	 beat: 19
80.88	80.88	 beat: 20
81.55	81.55	 beat: 21
82.20	82.20	 beat: 22
82.87	82.87	 beat: 23
83.52	83.52	 beat: 24
84.85	105.63	10 tempo: 92.285
85.17	85.17	 beat: 0
85.87	85.87	 beat: 1
86.52	86.52	 beat: 2
87.17	87.17	 beat: 3
87.82	87.82	 beat: 4
88.56	88.56	 beat: 5
89.28	89.28	 beat: 6
89.95	89.95	 beat: 7
90.77	90.77	 beat: 8
91.44	91.44	 beat: 9
92.11	92.11	 beat: 10
92.76	92.76	 beat: 11
93.41	93.41	 beat: 12
94.06	94.06	 beat: 13
94.71	94.71	 beat: 14
95.39	95.39	 beat: 15
96.06	96.06	 beat: 16
96.71	96.71	 beat: 17
97.41	97.41	 beat: 18
98.03	98.03	 beat: 19
98.68	98.68	 beat: 20
99.33	99.33	 beat: 21
100.01	100.01	 beat: 22
100.66	100.66	 beat: 23
101.33	101.33	 beat: 24
101.98	101.98	 beat: 25
102.66	102.66	 beat: 26
103.31	103.31	 beat: 27
103.96	103.96	 beat: 28
105.63	108.25	0 tempo: 123.047
105.79	105.79	 beat: 0
106.28	106.28	 beat: 1
106.77	106.77	 beat: 2
107.28	107.28	 beat: 3
108.25	121.42	6 tempo: 123.047
108.58	108.58	 beat: 0
109.06	109.06	 beat: 1
109.57	109.57	 beat: 2
110.06	110.06	 beat: 3
110.55	110.55	 beat: 4
111.04	111.04	 beat: 5
111.57	111.57	 beat: 6
112.06	112.06	 beat: 7
112.55	112.55	 beat: 8
113.03	113.03	 beat: 9
113.55	113.55	 beat: 10
114.03	114.03	 beat: 11
114.52	114.52	 beat: 12
114.99	114.99	 beat: 13
115.43	115.43	 beat: 14
115.84	115.84	 beat: 15
116.31	116.31	 beat: 16
116.82	116.82	 beat: 17
117.31	117.31	 beat: 18
117.82	117.82	 beat: 19
118.31	118.31	 beat: 20
118.82	118.82	 beat: 21
119.30	119.30	 beat: 22
119.79	119.79	 beat: 23
121.42	123.62	23 tempo: 117.454
121.90	121.90	 beat: 0
122.42	122.42	 beat: 1
123.62	132.82	8 tempo: 123.047
123.74	123.74	 beat: 0
124.25	124.25	 beat: 1
124.76	124.76	 beat: 2
125.25	125.25	 beat: 3
125.74	125.74	 beat: 4
126.22	126.22	 beat: 5
126.71	126.71	 beat: 6
127.20	127.20	 beat: 7
127.71	127.71	 beat: 8
128.22	128.22	 beat: 9
128.68	128.68	 beat: 10
129.20	129.20	 beat: 11
129.68	129.68	 beat: 12
130.17	130.17	 beat: 13
130.82	130.82	 beat: 14
131.33	131.33	 beat: 15
131.82	131.82	 beat: 16
132.31	132.31	 beat: 17
132.82	135.14	27 tempo: 123.047
133.14	133.14	 beat: 0
133.65	133.65	 beat: 1
134.14	134.14	 beat: 2
134.63	134.63	 beat: 3
135.14	137.11	16 tempo: 123.047
135.14	135.14	 beat: 0
135.63	135.63	 beat: 1
136.12	136.12	 beat: 2
137.11	151.65	5 tempo: 123.047
137.46	137.46	 beat: 0
137.93	137.93	 beat: 1
138.41	138.41	 beat: 2
138.92	138.92	 beat: 3
139.44	139.44	 beat: 4
139.92	139.92	 beat: 5
140.39	140.39	 beat: 6
140.90	140.90	 beat: 7
141.39	141.39	 beat: 8
141.87	141.87	 beat: 9
142.38	142.38	 beat: 10
142.94	142.94	 beat: 11
143.52	143.52	 beat: 12
144.03	144.03	 beat: 13
144.54	144.54	 beat: 14
145.06	145.06	 beat: 15
145.52	145.52	 beat: 16
146.01	146.01	 beat: 17
146.52	146.52	 beat: 18
147.01	147.01	 beat: 19
147.49	147.49	 beat: 20
147.98	147.98	 beat: 21
148.49	148.49	 beat: 22
149.00	149.00	 beat: 23
149.47	149.47	 beat: 24
151.65	161.84	8 tempo: 123.047
151.97	151.97	 beat: 0
152.46	152.46	 beat: 1
152.95	152.95	 beat: 2
153.46	153.46	 beat: 3
153.95	153.95	 beat: 4
154.41	154.41	 beat: 5
154.92	154.92	 beat: 6
155.41	155.41	 beat: 7
155.90	155.90	 beat: 8
156.39	156.39	 beat: 9
156.90	156.90	 beat: 10
157.38	157.38	 beat: 11
157.87	157.87	 beat: 12
158.36	158.36	 beat: 13
158.87	158.87	 beat: 14
159.36	159.36	 beat: 15
159.85	159.85	 beat: 16
160.36	160.36	 beat: 17
160.84	160.84	 beat: 18
161.84	163.82	27 tempo: 123.047
161.91	161.91	 beat: 0
162.35	162.35	 beat: 1
162.84	162.84	 beat: 2
163.33	163.33	 beat: 3
163.82	165.81	16 tempo: 184.570
164.14	164.14	 beat: 0
164.49	164.49	 beat: 1
164.82	164.82	 beat: 2
165.14	165.14	 beat: 3
165.47	165.47	 beat: 4
165.81	180.65	5 tempo: 123.047
166.14	166.14	 beat: 0
166.63	166.63	 beat: 1
167.14	167.14	 beat: 2
167.62	167.62	 beat: 3
168.11	168.11	 beat: 4
168.58	168.58	 beat: 5
169.09	169.09	 beat: 6
169.60	169.60	 beat: 7
170.09	170.09	 beat: 8
170.57	170.57	 beat: 9
171.06	171.06	 beat: 10
171.62	171.62	 beat: 11
172.20	172.20	 beat: 12
172.71	172.71	 beat: 13
173.20	173.20	 beat: 14
173.73	173.73	 beat: 15
174.20	174.20	 beat: 16
174.71	174.71	 beat: 17
175.19	175.19	 beat: 18
175.71	175.71	 beat: 19
176.19	176.19	 beat: 20
176.68	176.68	 beat: 21
177.17	177.17	 beat: 22
177.70	177.70	 beat: 23
178.17	178.17	 beat: 24
180.65	181.30	19 tempo: 143.555
180.81	180.81	 beat: 0
181.30	184.27	26 tempo: 92.285
181.63	181.63	 beat: 0
182.28	182.28	 beat: 1
182.97	182.97	 beat: 2
183.62	183.62	 beat: 3
184.27	187.22	9 tempo: 184.570
184.92	184.92	 beat: 0
185.27	185.27	 beat: 1
185.60	185.60	 beat: 2
185.92	185.92	 beat: 3
186.25	186.25	 beat: 4
186.57	186.57	 beat: 5
187.22	189.89	24 tempo: 184.570
187.57	187.57	 beat: 0
187.90	187.90	 beat: 1
188.22	188.22	 beat: 2
188.55	188.55	 beat: 3
188.89	188.89	 beat: 4
189.22	189.22	 beat: 5
189.54	189.54	 beat: 6
189.89	192.21	19 tempo: 184.570
190.22	190.22	 beat: 0
190.54	190.54	 beat: 1
190.87	190.87	 beat: 2
191.22	191.22	 beat: 3
191.54	191.54	 beat: 4
191.87	191.87	 beat: 5
192.21	194.51	26 tempo: 184.570
192.54	192.54	 beat: 0
192.86	192.86	 beat: 1
193.19	193.19	 beat: 2
193.52	193.52	 beat: 3
193.84	193.84	 beat: 4
194.19	194.19	 beat: 5
194.51	197.81	9 tempo: 184.570
194.84	194.84	 beat: 0
195.16	195.16	 beat: 1
195.49	195.49	 beat: 2
195.81	195.81	 beat: 3
196.14	196.14	 beat: 4
196.49	196.49	 beat: 5
196.81	196.81	 beat: 6
197.14	197.14	 beat: 7
197.81	200.76	24 tempo: 184.570
198.14	198.14	 beat: 0
198.46	198.46	 beat: 1
198.81	198.81	 beat: 2
199.16	199.16	 beat: 3
199.46	199.46	 beat: 4
199.81	199.81	 beat: 5
200.76	203.06	18 tempo: 123.047
201.08	201.08	 beat: 0
201.57	201.57	 beat: 1
202.06	202.06	 beat: 2
203.06	215.90	6 tempo: 184.570
203.41	203.41	 beat: 0
203.73	203.73	 beat: 1
204.08	204.08	 beat: 2
204.41	204.41	 beat: 3
204.71	204.71	 beat: 4
205.03	205.03	 beat: 5
205.36	205.36	 beat: 6
205.68	205.68	 beat: 7
206.03	206.03	 beat: 8
206.38	206.38	 beat: 9
206.70	206.70	 beat: 10
207.03	207.03	 beat: 11
207.33	207.33	 beat: 12
207.61	207.61	 beat: 13
207.89	207.89	 beat: 14
208.19	208.19	 beat: 15
208.52	208.52	 beat: 16
208.84	208.84	 beat: 17
209.19	209.19	 beat: 18
209.51	209.51	 beat: 19
209.84	209.84	 beat: 20
210.16	210.16	 beat: 21
210.49	210.49	 beat: 22
210.81	210.81	 beat: 23
211.12	211.12	 beat: 24
211.39	211.39	 beat: 25
211.67	211.67	 beat: 26
211.97	211.97	 beat: 27
212.30	212.30	 beat: 28
212.63	212.63	 beat: 29
212.95	212.95	 beat: 30
213.30	213.30	 beat: 31
213.65	213.65	 beat: 32
213.97	213.97	 beat: 33
214.30	214.30	 beat: 34
214.60	214.60	 beat: 35
215.90	218.73	23 tempo: 123.047
216.25	216.25	 beat: 0
216.74	216.74	 beat: 1
217.22	217.22	 beat: 2
217.73	217.73	 beat: 3
218.73	220.06	7 tempo: 143.555
219.64	219.64	 beat: 0
220.06	222.38	21 tempo: 184.570
220.13	220.13	 beat: 0
220.43	220.43	 beat: 1
220.73	220.73	 beat: 2
221.03	221.03	 beat: 3
221.38	221.38	 beat: 4
221.70	221.70	 beat: 5
222.38	224.03	7 tempo: 172.266
223.03	223.03	 beat: 0
223.35	223.35	 beat: 1
223.68	223.68	 beat: 2
224.03	225.67	21 tempo: 117.454
224.51	224.51	 beat: 0
225.67	228.30	7 tempo: 92.285
226.98	226.98	 beat: 0
227.65	227.65	 beat: 1
228.30	229.95	21 tempo: 123.047
228.46	228.46	 beat: 0
228.97	228.97	 beat: 1
229.46	229.46	 beat: 2
229.95	231.92	7 tempo: 123.047
230.02	230.02	 beat: 0
230.46	230.46	 beat: 1
230.95	230.95	 beat: 2
231.43	231.43	 beat: 3
231.92	233.57	21 tempo: 172.266
232.08	232.08	 beat: 0
232.43	232.43	 beat: 1
232.80	232.80	 beat: 2
233.20	233.20	 beat: 3
233.57	236.22	0 tempo: 123.047
234.24	234.24	 beat: 0
234.73	234.73	 beat: 1
235.22	235.22	 beat: 2
236.22	237.84	7 tempo: 123.047
236.38	236.38	 beat: 0
236.87	236.87	 beat: 1
237.84	240.14	21 tempo: 89.103
238.14	238.14	 beat: 0
238.82	238.82	 beat: 1
240.14	245.78	7 tempo: 123.047
240.33	240.33	 beat: 0
240.81	240.81	 beat: 1
241.30	241.30	 beat: 2
241.81	241.81	 beat: 3
242.28	242.28	 beat: 4
242.79	242.79	 beat: 5
243.30	243.30	 beat: 6
243.79	243.79	 beat: 7
244.30	244.30	 beat: 8
244.78	244.78	 beat: 9
245.78	248.08	21 tempo: 123.047
245.78	245.78	 beat: 0
246.27	246.27	 beat: 1
246.76	246.76	 beat: 2
248.08	249.73	7 tempo: 123.047
248.24	248.24	 beat: 0
248.73	248.73	 beat: 1
249.22	249.22	 beat: 2
249.73	251.38	21 tempo: 123.047
249.89	249.89	 beat: 0
250.40	250.40	 beat: 1
250.89	250.89	 beat: 2
251.38	256.53	0 tempo: 123.047
252.03	252.03	 beat: 0
252.52	252.52	 beat: 1
253.00	253.00	 beat: 2
253.49	253.49	 beat: 3
254.00	254.00	 beat: 4
254.51	254.51	 beat: 5
255.00	255.00	 beat: 6
255.49	255.49	 beat: 7
256.53	271.16	2 tempo: 123.047
256.70	256.70	 beat: 0
257.16	257.16	 beat: 1
257.65	257.65	 beat: 2
258.14	258.14	 beat: 3
258.65	258.65	 beat: 4
259.13	259.13	 beat: 5
259.62	259.62	 beat: 6
260.11	260.11	 beat: 7
260.62	260.62	 beat: 8
261.11	261.11	 beat: 9
261.60	261.60	 beat: 10
262.11	262.11	 beat: 11
262.62	262.62	 beat: 12
263.08	263.08	 beat: 13
263.59	263.59	 beat: 14
264.08	264.08	 beat: 15
264.59	264.59	 beat: 16
265.08	265.08	 beat: 17
265.59	265.59	 beat: 18
266.08	266.08	 beat: 19
266.57	266.57	 beat: 20
267.05	267.05	 beat: 21
267.54	267.54	 beat: 22
268.05	268.05	 beat: 23
268.54	268.54	 beat: 24
269.03	269.03	 beat: 25
269.54	269.54	 beat: 26
270.02	270.02	 beat: 27
270.54	270.54	 beat: 28
271.16	276.57	0 tempo: 184.570
271.46	271.46	 beat: 0
271.79	271.79	 beat: 1
272.11	272.11	 beat: 2
272.44	272.44	 beat: 3
272.76	272.76	 beat: 4
273.11	273.11	 beat: 5
273.44	273.44	 beat: 6
273.76	273.76	 beat: 7
274.09	274.09	 beat: 8
274.41	274.41	 beat: 9
274.74	274.74	 beat: 10
275.06	275.06	 beat: 11
275.34	275.34	 beat: 12
275.62	275.62	 beat: 13
275.92	275.92	 beat: 14
276.22	276.22	 beat: 15
276.57	291.29	2 tempo: 123.047
276.78	276.78	 beat: 0
277.27	277.27	 beat: 1
277.76	277.76	 beat: 2
278.27	278.27	 beat: 3
278.76	278.76	 beat: 4
279.24	279.24	 beat: 5
279.73	279.73	 beat: 6
280.24	280.24	 beat: 7
280.73	280.73	 beat: 8
281.22	281.22	 beat: 9
281.73	281.73	 beat: 10
282.22	282.22	 beat: 11
282.70	282.70	 beat: 12
283.17	283.17	 beat: 13
283.68	283.68	 beat: 14
284.17	284.17	 beat: 15
284.68	284.68	 beat: 16
285.16	285.16	 beat: 17
285.68	285.68	 beat: 18
286.19	286.19	 beat: 19
286.67	286.67	 beat: 20
287.18	287.18	 beat: 21
287.67	287.67	 beat: 22
288.16	288.16	 beat: 23
288.65	288.65	 beat: 24
289.13	289.13	 beat: 25
289.65	289.65	 beat: 26
290.13	290.13	 beat: 27
290.71	290.71	 beat: 28
291.29	298.66	0 tempo: 184.570
291.62	291.62	 beat: 0
291.94	291.94	 beat: 1
292.29	292.29	 beat: 2
292.62	292.62	 beat: 3
292.94	292.94	 beat: 4
293.27	293.27	 beat: 5
293.59	293.59	 beat: 6
293.92	293.92	 beat: 7
294.24	294.24	 beat: 8
294.57	294.57	 beat: 9
294.89	294.89	 beat: 10
295.22	295.22	 beat: 11
295.59	295.59	 beat: 12
295.96	295.96	 beat: 13
296.33	296.33	 beat: 14
296.68	296.68	 beat: 15
297.01	297.01	 beat: 16
297.33	297.33	 beat: 17
297.66	297.66	 beat: 18
297.96	297.96	 beat: 19
298.28	298.28	 beat: 20
298.66	308.27	8 tempo: 123.047
298.84	298.84	 beat: 0
299.35	299.35	 beat: 1
299.84	299.84	 beat: 2
300.35	300.35	 beat: 3
300.86	300.86	 beat: 4
301.35	301.35	 beat: 5
301.84	301.84	 beat: 6
302.35	302.35	 beat: 7
302.83	302.83	 beat: 8
303.32	303.32	 beat: 9
303.81	303.81	 beat: 10
304.32	304.32	 beat: 11
304.83	304.83	 beat: 12
305.30	305.30	 beat: 13
305.78	305.78	 beat: 14
306.27	306.27	 beat: 15
308.27	309.92	5 tempo: 123.047
308.43	308.43	 beat: 0
308.92	308.92	 beat: 1
309.43	309.43	 beat: 2
309.92	312.45	16 tempo: 184.570
310.08	310.08	 beat: 0
310.40	310.40	 beat: 1
310.75	310.75	 beat: 2
311.08	311.08	 beat: 3
311.40	311.40	 beat: 4
311.73	311.73	 beat: 5
312.05	312.05	 beat: 6
312.45	325.50	5 tempo: 184.570
312.73	312.73	 beat: 0
313.03	313.03	 beat: 1
313.35	313.35	 beat: 2
313.70	313.70	 beat: 3
314.03	314.03	 beat: 4
314.37	314.37	 beat: 5
314.70	314.70	 beat: 6
315.03	315.03	 beat: 7
315.37	315.37	 beat: 8
315.70	315.70	 beat: 9
316.02	316.02	 beat: 10
316.37	316.37	 beat: 11
316.70	316.70	 beat: 12
317.00	317.00	 beat: 13
317.32	317.32	 beat: 14
317.65	317.65	 beat: 15
318.00	318.00	 beat: 16
318.32	318.32	 beat: 17
318.65	318.65	 beat: 18
318.97	318.97	 beat: 19
319.30	319.30	 beat: 20
319.65	319.65	 beat: 21
319.97	319.97	 beat: 22
320.30	320.30	 beat: 23
320.60	320.60	 beat: 24
320.95	320.95	 beat: 25
321.27	321.27	 beat: 26
321.60	321.60	 beat: 27
321.92	321.92	 beat: 28
322.25	322.25	 beat: 29
322.57	322.57	 beat: 30
322.94	322.94	 beat: 31
323.27	323.27	 beat: 32
323.59	323.59	 beat: 33
323.92	323.92	 beat: 34
324.24	324.24	 beat: 35
324.57	324.57	 beat: 36
325.50	328.07	30 tempo: 89.103
326.10	326.10	 beat: 0
326.75	326.75	 beat: 1
328.07	330.70	28 tempo: 92.285
328.14	328.14	 beat: 0
328.72	328.72	 beat: 1
329.38	329.38	 beat: 2
330.70	331.37	13 tempo: 135.999
330.93	330.93	 beat: 0
331.37	334.00	17 tempo: 184.570
331.70	331.70	 beat: 0
332.02	332.02	 beat: 1
332.35	332.35	 beat: 2
332.67	332.67	 beat: 3
333.00	333.00	 beat: 4
333.32	333.32	 beat: 5
333.67	333.67	 beat: 6
334.00	336.29	29 tempo: 184.570
334.32	334.32	 beat: 0
334.65	334.65	 beat: 1
334.99	334.99	 beat: 2
335.32	335.32	 beat: 3
335.64	335.64	 beat: 4
336.29	336.92	1 tempo: 258.398
336.36	336.36	 beat: 0
336.60	336.60	 beat: 1
336.92	338.94	30 tempo: 172.266
337.25	337.25	 beat: 0
337.59	337.59	 beat: 1
337.94	337.94	 beat: 2
338.29	338.29	 beat: 3
338.62	338.62	 beat: 4
338.94	341.26	28 tempo: 172.266
339.27	339.27	 beat: 0
339.62	339.62	 beat: 1
339.94	339.94	 beat: 2
340.27	340.27	 beat: 3
340.59	340.59	 beat: 4
340.94	340.94	 beat: 5
341.26	341.91	13 tempo: 143.555
341.50	341.50	 beat: 0
341.91	344.56	17 tempo: 184.570
342.26	342.26	 beat: 0
342.56	342.56	 beat: 1
342.89	342.89	 beat: 2
343.21	343.21	 beat: 3
343.56	343.56	 beat: 4
343.89	343.89	 beat: 5
344.24	344.24	 beat: 6
344.56	347.51	29 tempo: 172.266
344.86	344.86	 beat: 0
345.21	345.21	 beat: 1
345.54	345.54	 beat: 2
345.86	345.86	 beat: 3
346.21	346.21	 beat: 4
346.53	346.53	 beat: 5
346.86	346.86	 beat: 6
347.18	347.18	 beat: 7
347.51	349.83	31 tempo: 172.266
348.18	348.18	 beat: 0
348.51	348.51	 beat: 1
348.83	348.83	 beat: 2
349.18	349.18	 beat: 3
349.51	349.51	 beat: 4
349.83	361.67	11 tempo: 92.285
350.51	350.51	 beat: 0
351.16	351.16	 beat: 1
351.81	351.81	 beat: 2
352.46	352.46	 beat: 3
353.11	353.11	 beat: 4
353.78	353.78	 beat: 5
354.43	354.43	 beat: 6
355.08	355.08	 beat: 7
355.75	355.75	 beat: 8
356.43	356.43	 beat: 9
357.10	357.10	 beat: 10
357.75	357.75	 beat: 11
358.40	358.40	 beat: 12
359.05	359.05	 beat: 13
359.70	359.70	 beat: 14
361.67	365.99	25 tempo: 89.103
362.00	362.00	 beat: 0
362.67	362.67	 beat: 1
363.35	363.35	 beat: 2
364.00	364.00	 beat: 3
364.67	364.67	 beat: 4
365.32	365.32	 beat: 5
365.99	369.29	26 tempo: 184.570
366.29	366.29	 beat: 0
366.62	366.62	 beat: 1
366.97	366.97	 beat: 2
367.32	367.32	 beat: 3
367.64	367.64	 beat: 4
367.97	367.97	 beat: 5
368.29	368.29	 beat: 6
368.64	368.64	 beat: 7
368.97	368.97	 beat: 8
369.29	372.59	9 tempo: 92.285
369.36	369.36	 beat: 0
369.96	369.96	 beat: 1
370.59	370.59	 beat: 2
371.26	371.26	 beat: 3
372.59	375.21	24 tempo: 92.285
372.66	372.66	 beat: 0
373.26	373.26	 beat: 1
373.91	373.91	 beat: 2
374.56	374.56	 beat: 3
375.21	377.18	19 tempo: 117.454
375.75	375.75	 beat: 0
376.21	376.21	 beat: 1
376.70	376.70	 beat: 2
377.18	379.86	26 tempo: 172.266
377.86	377.86	 beat: 0
378.18	378.18	 beat: 1
378.51	378.51	 beat: 2
378.83	378.83	 beat: 3
379.16	379.16	 beat: 4
379.51	379.51	 beat: 5
379.86	383.15	9 tempo: 92.285
380.55	380.55	 beat: 0
381.18	381.18	 beat: 1
381.83	381.83	 beat: 2
383.15	385.45	24 tempo: 184.570
383.48	383.48	 beat: 0
383.80	383.80	 beat: 1
384.10	384.10	 beat: 2
384.45	384.45	 beat: 3
384.80	384.80	 beat: 4
385.10	385.10	 beat: 5
385.45	388.05	19 tempo: 184.570
385.52	385.52	 beat: 0
385.82	385.82	 beat: 1
386.12	386.12	 beat: 2
386.45	386.45	 beat: 3
386.77	386.77	 beat: 4
387.10	387.10	 beat: 5
387.42	387.42	 beat: 6
387.73	387.73	 beat: 7
388.05	388.75	26 tempo: 135.999
388.31	388.31	 beat: 0
388.75	394.02	14 tempo: 92.285
388.82	388.82	 beat: 0
389.40	389.40	 beat: 1
390.07	390.07	 beat: 2
390.72	390.72	 beat: 3
391.37	391.37	 beat: 4
392.02	392.02	 beat: 5
392.70	392.70	 beat: 6
393.35	393.35	 beat: 7
394.02	395.99	12 tempo: 123.047
394.18	394.18	 beat: 0
394.67	394.67	 beat: 1
395.16	395.16	 beat: 2
395.58	395.58	 beat: 3
395.99	398.97	22 tempo: 184.570
396.06	396.06	 beat: 0
396.36	396.36	 beat: 1
396.67	396.67	 beat: 2
396.99	396.99	 beat: 3
397.32	397.32	 beat: 4
397.64	397.64	 beat: 5
397.97	397.97	 beat: 6
398.29	398.29	 beat: 7
398.97	404.24	14 tempo: 92.285
399.29	399.29	 beat: 0
399.96	399.96	 beat: 1
400.61	400.61	 beat: 2
401.26	401.26	 beat: 3
401.91	401.91	 beat: 4
402.56	402.56	 beat: 5
403.05	403.05	 beat: 6
404.24	406.88	12 tempo: 92.285
404.31	404.31	 beat: 0
404.91	404.91	 beat: 1
405.56	405.56	 beat: 2
406.21	406.21	 beat: 3
406.88	409.86	22 tempo: 89.103
407.21	407.21	 beat: 0
407.86	407.86	 beat: 1
408.53	408.53	 beat: 2
409.86	411.16	10 tempo: 184.570
410.51	410.51	 beat: 0
410.83	410.83	 beat: 1
411.16	443.48	4 tempo: 92.285
411.48	411.48	 beat: 0
412.13	412.13	 beat: 1
412.78	412.78	 beat: 2
413.45	413.45	 beat: 3
414.13	414.13	 beat: 4
414.78	414.78	 beat: 5
415.45	415.45	 beat: 6
416.10	416.10	 beat: 7
416.75	416.75	 beat: 8
417.43	417.43	 beat: 9
418.10	418.10	 beat: 10
418.75	418.75	 beat: 11
419.42	419.42	 beat: 12
420.07	420.07	 beat: 13
420.70	420.70	 beat: 14
421.37	421.37	 beat: 15
422.05	422.05	 beat: 16
422.70	422.70	 beat: 17
423.37	423.37	 beat: 18
424.02	424.02	 beat: 19
424.67	424.67	 beat: 20
425.32	425.32	 beat: 21
425.99	425.99	 beat: 22
426.64	426.64	 beat: 23
427.32	427.32	 beat: 24
427.99	427.99	 beat: 25
428.64	428.64	 beat: 26
429.29	429.29	 beat: 27
429.96	429.96	 beat: 28
430.61	430.61	 beat: 29
431.29	431.29	 beat: 30
431.94	431.94	 beat: 31
432.59	432.59	 beat: 32
433.24	433.24	 beat: 33
433.89	433.89	 beat: 34
434.54	434.54	 beat: 35
435.23	435.23	 beat: 36
435.88	435.88	 beat: 37
436.56	436.56	 beat: 38
437.23	437.23	 beat: 39
437.88	437.88	 beat: 40
438.51	438.51	 beat: 41
439.18	439.18	 beat: 42
439.83	439.83	 beat: 43
440.51	440.51	 beat: 44
441.16	441.16	 beat: 45
441.83	441.83	 beat: 46
442.46	442.46	 beat: 47
443.48	461.06	15 tempo: 184.570
443.55	443.55	 beat: 0
443.83	443.83	 beat: 1
444.17	444.17	 beat: 2
444.50	444.50	 beat: 3
444.80	444.80	 beat: 4
445.13	445.13	 beat: 5
445.45	445.45	 beat: 6
445.80	445.80	 beat: 7
446.12	446.12	 beat: 8
446.45	446.45	 beat: 9
446.78	446.78	 beat: 10
447.10	447.10	 beat: 11
447.45	447.45	 beat: 12
447.80	447.80	 beat: 13
448.12	448.12	 beat: 14
448.45	448.45	 beat: 15
448.77	448.77	 beat: 16
449.10	449.10	 beat: 17
449.45	449.45	 beat: 18
449.77	449.77	 beat: 19
450.10	450.10	 beat: 20
450.40	450.40	 beat: 21
450.72	450.72	 beat: 22
451.05	451.05	 beat: 23
451.40	451.40	 beat: 24
451.72	451.72	 beat: 25
452.05	452.05	 beat: 26
452.37	452.37	 beat: 27
452.70	452.70	 beat: 28
453.02	453.02	 beat: 29
453.37	453.37	 beat: 30
453.69	453.69	 beat: 31
454.04	454.04	 beat: 32
454.37	454.37	 beat: 33
454.69	454.69	 beat: 34
455.02	455.02	 beat: 35
455.37	455.37	 beat: 36
455.69	455.69	 beat: 37
456.02	456.02	 beat: 38
456.34	456.34	 beat: 39
456.67	456.67	 beat: 40
456.99	456.99	 beat: 41
457.34	457.34	 beat: 42
457.67	457.67	 beat: 43
457.99	457.99	 beat: 44
458.32	458.32	 beat: 45
